This file contains codes for all societies in Murdock's 1970 article
on kinship terminology.  The societies are arranged by province number
and by society number within the province.  A number of societies are not
listed in the Ethnographic Atlas and therefore are not in the files
AT10.DAT or AT10.COD.  The organization of the file is:

Province #  Society #   Name    Codes (defined in AT10.COD)

  1  1  Bergdama         1  1  2  3  2  2  1  1  7 11  2  9  7 17  .  .
  1  2  Nama             1  1  2  3  1  1  2  2  2  5  1  1  2  2  3  7
  2  1  Kung             1  2  3  5  4  4  3  4  5  9  4 14  3  4  5 12
  2  2  Xam              1  1  2  3  2  2  1  1  3  6  2  9  1  1  6 14
  3  1  Mpenezi Ngoni    2  3  1  1  1  1  2  2  6 10  5 16  2  2  5 13
  3  2  Pondo            2  3  1  1  2  2  1  1  1  1  1  1  2  2  9 18
  3  3  Swazi            1  1  1  1  1  1  2  2  1  1  2  9  2  2 19 36
  3  4  Thonga           2  3  1  1  3  3  5  6  1  1  3 11  4  7  2  5
  3  5  Zezuru Shona     3  7  1  1  3  3  5  6  1  1  6 17  4  7  4 11
  4  1  Kgatla Tswana    1  1  1  1  3  3  5  6  8 12  6 17  2  2  3  9
  4  2  Lozi             2  3  1  1  3  3  5  6  6 10  6 17  1  1  1  1
  4  3  Venda            2  3  1  1  3  3  5  6  1  1  6 17  2  2  6 14
  5  1  Ambo             1  1  1  1  1  1  2  2  1  1  5 16  3  4  1  1
  5  2  Herero           1  1  1  1  3  3  2  2  1  1  6 17  2  2  1  1
  5  3  Mbundu           1  1  1  1  1  1  2  2  1  1  7 20  2  2  1  1
  6  1  Chokwe           2  3  1  1  2  2  1  1  1  1  9 23  2  2  1  1
  6  2  Dzing            1  1  3  4  2  2  1  1  3  6  4 14  2  2  2  5
  6  3  Luchazi          2  3  1  1  4  4  1  1  3  6  3 11  2  2  1  1
  6  4  Ndembu           2  3  1  1  1  1  2  2  1  1  7 20  2  2  1  1
  6  5  Pende            2  3  1  1  1  1  2  2  1  1  6 17  5 11  4 10
  7  1  Chewa            6 14  1  1  1  1  2  2  1  1  6 17  2  2  2  5
  7  2  Ila              2  3  1  1  3  3  5  6  1  1  8 22  2  2 10 21
  7  3  Lamba            2  3  1  1  1  1  2  2  1  1  7 20  2  2  1  1
  7  4  Shila            1  1  1  1  1  1  2  2  1  1  9 23  2  2  1  1
  7  5  Yao              2  3  1  1  3  3  2  2  1  1 17 38  2  2  1  1
  8  1  Merina           1  1  1  1  5  6  4  5  6 10 12 29  1  1  8 16
  8  2  Tanala           1  1  1  1  2  2  1  1  6 10 12 29  1  1  8 16
  9  1  Bena             6 14  1  1  1  1  2  2  1  1  3 11  2  2  1  1
  9  2  Fipa             1  1  1  1  1  1  2  2  1  1  9 23  2  2  1  1
  9  3  Nyakyusa         2  3  1  1  1  1  2  2  1  1  6 17  2  2  3  7
  9  4  Nyamwezi         6 14  1  1  2  2  1  1  1  1  6 17  2  2  7 15
  9  5  Turu             1  1  1  1  3  3  5  6  1  1  5 16  1  1  1  2
 10  1  Gogo             1  1  1  1  1  1  1  1  1  1  .  .  2  2  .  .
 10  2  Mbugwe           1  1  1  1  3  3  4  5  1  1  5 16  5 11  .  .
 10  3  Sandawe          1  1  1  1  9 11  8 10  1  1  8 21  7 17  .  .
 11  1  Bajun            1  1  1  1  9 11  8 10  3  6  5 16  6 15  1  1
 11  2  Giriama          1  1  1  1  3  3  5  6  6 10  5 16  7 16  .  .
 11  3  Hadimu           1  1  1  1  3  3  5  6  1  1  4 14  1  1  1  1
 11  4  Luguru           1  1  1  1  1  1  5  6  3  6  .  .  5 11  .  .
 12  1  Kikuyu           2  4  4  6  3  3  3  4  1  1  2  9  4  7  3  7
 12  2  Shambala         1  1  1  1  3  3  1  1  6 10 13 32  1  1  .  .
 12  3  Teita            9 17  3  4  1  1  2  2  1  1  5 16  4  7  .  .
 13  1  Ganda            3  7  1  1  2  2  1  1  1  1  9 23  2  2  .  .
 13  2  Haya             1  1  1  1  2  2  1  1  1  1  2  9  4  7  1  1
 13  3  Hunde            1  1  1  1  1  1  1  1  2  5  7 20  2  2  5 12
 13  4  Nyoro            1  1  1  1  2  2  1  1  1  1 13 31  2  2  1  1
 13  5  Ruanda           1  1  1  1  2  2  1  1  1  1  7 20  2  2  1  3
 14  1  Nkundo Mongo     2  3  1  1  1  1  2  2  1  1  6 17  5 11  1  1
 14  2  Rega             1  1  1  1  3  3  6  8  8 12  3 11  2  2  6 14
 14  3  Songola          2  3  1  1  2  2  4  5  .  .  6 17  1  1  1  1
 14  4  Yeke             2  3  1  1  1  1  2  2  1  1  6 19  2  2  2  5
 16  1  Amba             2  3  1  1  1  1  2  2  1  1  5 16  4  7  8 16
 16  2  Kumu             .  .  5  7  1  1  2  2  1  1  3 11  1  1  .  .
 17  1  Bubi             1  1  1  1  4  4  3  4  .  .  2  9  1  1  .  .
 17  2  Duala            2  3  1  1  1  1  1  1  .  . 12 29  2  2  .  .
 17  3  Kpe              2  3  1  1  1  1  4  5  1  1  5 16  .  .  1  1
 18  1  Efik             3  7  1  1  2  2  1  1  6 10  5 16  6 15  1  1
 18  2  Ezinihite Ibo    3  7  1  1 10 13 11 13  1  1  5 16  4  7  1  1
 18  3  Ndoro            1  1  1  1  1  1  4  5  1  1  3 11  5 11  .  .
 18  4  Tiv              1  1  3  5  1  1  2  2  1  1  5 16  7 16  1  1
 18  5  Yako             3  7  1  1 10 13 11 13  1  1  5 16  4  7  1  1
 19  1  Fon              3  7  1  1  2  2  1  1  .  .  2  9  6 15  .  .
 19  2  Glidyi Ewe       1  1  6  8  1  1  2  2  1  1  1  1  3  4  1  1
 19  3  Oyo Yoruba       1  1  1  1  5  6  4  5  6 10  3 11  1  1  1  4
 20  1  Akyem            2  3  3  4  1  1  2  2  1  1  5 16  5 11  1  1
 20  2  Ashanti          2  3  3  4  1  1  2  2  3  6  5 16  5 14  1  2
 20  3  Ga               .  .  .  .  .  .  .  .  .  .  .  .  .  .  .  .
 21  1  Bete             3  7  .  .  2  2  1  1  6 10  5 16  1  1  1  1
 21  2  Mende            1  1  1  1  2  2  4  5  6 10  5 16  1  1 11 25
 21  3  Sherbro          1  1  1  1  1  1  4  5  6 10  8 21  1  1  1  1
 21  4  Vai              1  1  1  1  1  1  4  5  1  1  1  1  4  8  5 13
 22  1  Wolof            2  3  1  1  1  1  2  2  3  6  3 11  1  1  .  .
 23  1  Djafun           2  3  1  1  2  2  1  1  1  1  3 11  2  2 10 21
 23  2  Futajalonke      1  1  1  1  2  2  2  2  1  1  1  1  2  2 15 32
 23  3  Wodaabe Fulani   2  3  1  1  2  2  1  1  3  6  3 11  2  2 10 22
 24  1  Bambara          1  1  6  8  2  2  1  1  1  1  1  1  2  2  2  5
 24  2  Malinke          1  1  1  1  2  2  1  1  1  1  1  1  2  2 21 38
 24  3  Susu             1  1  .  .  1  1  2  2  1  1  1  1  2  2 15 32
 25  1  Songhai          2  3  1  1  3  3  5  6  6 10  1  1  2  2 15 32
 25  2  Zerma            1  1  1  1  .  .  3  4  .  . 14 33  3  4  1  1
 26  1  Dogon            3  7  4  6  3  3  1  1 18 25 14 33  2  2  .  .
 27  1  Bisa             1  1  1  1  6  7 10 12  6 10 14 33  1  1  .  .
 27  2  Konkomba         1  1  1  1  3  3  5  6  9 14 14 33  4  8  .  .
 27  3  Lobi             1  1  1  1  2  2  1  1  9 14  2  9  5 11  .  .
 27  4  Mossi            2  3  1  1  3  3  5  6  9 14 15 36  2  2  .  .
 27  5  Tallensi         1  1  1  1  3  3  2  2  8 12  6 17  1  1  7 15
 28  1  Dera             2  3  1  1  1  1  4  5  1  1  2  9  1  1  2  5
 28  2  Karekare         1  1  2  3  3  3  2  2  6 10 15 36  1  1  5 13
 28  3  Maguzawa         2  3  1  1  5  6  4  5 10 17  1  1  1  1  .  .
 28  4  Zazzagawa        2  3  1  1  1  1  2  2  .  .  1  1  2  2  .  .
 29  1  Birom            7 15  1  1  1  1  4  5  6 10  2  9  4  7  1  3
 29  2  Chawai          13 21 13 17  5  6  4  5  6 10  5 16  1  1  1  2
 29  3  Gure             8 16  3  4  1  1  .  .  .  .  2  9  1  1  3  7
 29  4  Katab            1  1  1  1  1  1  4  5  1  1  5 16  1  1 13 29
 29  5  Kurama           .  .  .  .  .  .  .  .  .  .  .  .  .  .  .  .
 30  1  Daka             1  1  1  1  3  3  6  8  7 11  2  9  1  1  1  1
 30  2  Longuda          2  3  1  1  2  2  4  5  3  6  6 17  5 11  1  1
 30  3  Yungur           1  1  7  9  1  1  4  5  1  1  7 20  1  1  1  1 
 31  1  Bachama          1  1  2  3  3  3  7  9  7 11  1  1  1  1 12 26
 31  2  Buduma           1  1  .  .  3  3  5  6  .  .  3 11  2  2  1  1
 31  3  Hona             1  1  6  8  1  1  4  5  1  1  5 16  1  1 15 32
 31  4  Masa             1  1  1  1  2  2  1  1  .  .  2  9  1  1  .  .
 32  1  Fur              2  3  1  1  1  1  1  1  3  6 11 27  7 17 18 35
 32  2  Maba             1  1  1  1  2  2  3  4  .  .  2  9  6 15  .  .
 33  1  Azande           2  3  1  1  1  1  2  2  .  .  3 11  7 16  .  .
 33  2  Banda            2  3  1  1  1  1  2  2  .  .  8 21  4  7  8 16
 33  3  Ngbandi          1  1  1  1  3  3  2  2  8 12  2  9  4  7  1  2
 34  1  Mangbetu         1  1  .  .  1  1  2  2  4  7  5 16  1  1  .  .
 35  1  Koalib           1  1  4  6  1  1  4  5  9 14  5 16  1  1  1  1
 35  2  Lafofa           1  1  1  1  1  1  4  5  1  1  5 16  1  1  1  2
 35  3  Mesakin          2  3  1  1  1  1  2  2  1  1  5 16  2  2 13 29
 35  4  Nyaro            1  1  5  7  1  1  4  5  3  6  5 16  1  1  .  .
 36  1  Ingassana        1  1  1  1  1  1  2  2  1  1  2  9  2  2 21 38
 37  1  Bari             1  1  1  1  1  1  2  2  1  1  5 16  4  7 20 37
 37  2  Lotuko           2  3  5  7  2  2  1  1  .  .  2  9  2  2  .  .
 37  3  Nuer             1  1  4  6  2  2  1  1  7 11  2  9  6 15  .  .
 37  4  Shilluk          1  1  1  1  1  1  1  1  7 11  2  9  7 16  .  .
 38  1  Dorobo           1  1  1  1  8 10  2  3  1  1  5 16  4 10 11 25
 38  2  Kipsigis         1  1  2  3  1  1  2  2  1  1  5 16  2  2 19 36
 38  3  Lango            1  1  2  3  2  2  2  2  7 11  2  9  4 10 19 36
 38  4  Teso             1  1  2  3  1  1  3  4  7 11  2  9  1  1 20 37
 38  5  Turkana          1  1 11 15  1  1  3  4  1  1  2  9  6 15  9 18
 39  1  Kafa             3  7  4  6  2  2  1  1  7 11  2  9  3  4  2  5
 40  1  Arusi            1  1  2  3  2  2  3  4  7 11  2  9  6 15  1  1
 40  2  Konso            1  1  2  3  1  1  2  2  2  5  8 21  6 15  .  .
 41  1  Afar             1  1  2  3  2  2  1  1  3  6  2  9  6 15  2  5
 42  1  Amhara           1  1  1  1  4  4  3  4  3  6  1  5  6 15  3  7
 42  2  Gurage           1  1  1  1  2  2  1  1 11 18  2  9  4  7  .  .
 42  3  Tigrinya         1  1  4  6  2  2  1  1  3  6  2  9  6 15  .  .
 43  1  Bogo             1  1  1  1  2  2  1  1  3  6  2  9  .  .  .  .
 43  2  Kemant           1  1  1  1  2  2  .  .  4  7  2  9  .  .  2  5
 44  1  Dilling          1  1  1  1  2  2  1  1  3  6  5 16  6 15  2  5
 45  1  Teda             1  1  2  3  2  2  1  1  3  6  4 14  2  2  1  1
 46  1  Ahaggaren        1  1  5  7  1  1  2  2  2  5  1  1  2  2  .  .
 47  1  Siwans           3  7  4  6  7  9  3  4  .  .  2  9  6 15  .  .
 48  1  Semlal Shluh     3  7  2  3  2  2  1  1  7 11  2  9  4 10  .  .
 48  2  Snus Zekara      1  1  2  3  2  2  1  1  7 11  2  9  6 15  .  .
 49  1  Berabish         1  1  .  .  2  2  1  1  6 10  2  9  6 15 15 32
 49  2  Egyptians        1  1  4  6  2  2  1  1  7 11  2  9  6 15  2  5
 51  1  Ancient Hebrews  1  1  4  6  2  2  1  1  7 11  2  9  3  4  2  5
 51  2  Polish Jews      1  1  4  6  4  4  3  4  3  6  2  9  3  4  2  5
 52  1  Rwala Bedouin    1  1  7  9  2  2  1  1  7 11  2  9  6 15 12 27
 54  1  Anatolian Turks  1  1  2  3  2  2  1  1  7 11  2  9  6 15 12 27
 55  1  Gheg Albanians   1  1  .  .  2  2  1  1  5  9  2  9  3  4  2  5
 55  2  Periclean Athens 7 15  4  6  4  4  3  4  5  9  2  9  3  4  2  5
 55  3  Romanians        1  1  2  3  4  4  3  4  5  9  2  9  3  4  2  5
 55  4  Serbs            1  1  2  3  2  2  3  4  7 11  2  9  7 16  6 14
 56  1  French Canadians 1  1  2  3  4  4  3  4  5  9  2  9  3  4  2  5
 56  2  Imperial Romans  1  1  2  3  2  2  1  1  7 11  2  9  7 16  .  .
 56  3  Sicilians        1  1  1  1  4  4  3  4  4  7  2  9  3  4  2  5
 56  4  Spanish Basques  1  1  2  3  4  4  3  4  4  7  8 21  3  4  .  .
 57  1  Icelanders       1  1  4  6  2  2  1  1  7 11  2  9  6 15  2  5
 57  2  Irish            1  1  2  3  2  2  1  1  5  9  2  9  3  4  2  5
 57  3  Tristan da Cunha 1  1  2  3  4  4  3  4  5  9  2  9  3  4  5 13
 58  1  Lapps            1  1  6  8  3  3  5  6  8 12  2  9  3  4  4 10
 59  1  Czechs           1  1  2  3  4  4  3  4  5  9  2  9  3  4  2  5
 59  2  Hutsul           1  1  2  3  2  2  1  1  5  9  2  9  3  4  2  5
 60  1  Cherkess         1  1  1  1  4  4  3  4  4  7  2  9  3  4  2  5
 60  2  Georgians        1  1  4  6  2  2  1  1  3  6  2  9  6 15  6 14
 61  1  Armenians        1  1  1  1  2  2  1  1  .  .  2  9  2  2  .  .
 62  1  Iranians         1  1  1  1  2  2  1  1  3  6  2  9  6 15  9 17
 62  2  Kurd             1  1  1  1  2  2  3  4  3  6  2  9  7 16  9 17
 63  1  Basseri          1  1  3  5  2  2  1  1  3  6  2  9  .  .  6 14
 63  2  Marri Baluch     3  7  2  3  2  2  1  1  3  6  2  9  6 15 12 26
 64  1  Sindhi           3  7  4  6  2  2  1  1  7 11  2  9  7 16  7 15
 65  1  Kerala           3  7  1  1  3  3  5  6  .  . 11 26  2  2  .  .
 65  2  Toda             1  1  4  6  1  1  2  2  2  5  4 14  2  2 12 28
 66  1  Sinhalese        1  1  2  3  3  3  5  6  7 11  1  1  2  2  2  5
 66  2  Vedda            5 11  2  3  3  3  5  6  9 14  1  1  2  2  2  5
 67  1  Chenchu          1  1  2  3  3  3  5  6  2  5  1  1  2  2  7 15
 67  2  Coorg            1  1  2  3  2  2  1  1  7 11  1  1  2  2  2  6
 67  3  Maria Gond       3  7  4  6  3  3  5  6 11 18  1  1  2  2  7 15
 67  4  Reddi            7 15  1  1  3  3  5  6  .  .  2  9  2  2 11 25
 67  5  Telugu           4 10  2  3  3  3  5  6  2  5  1  1  2  2 11 25
 68  1  Baiga            3  7  4  6  3  3  5  6  7 11  1  1  2  2  7 15
 68  2  Hill Bhuiya      1  1  2  3  3  3  5  6 18 25  1  1  1  1  7 15
 68  3  Kol              .  .  2  3  3  3  5  6  4  7  2  9  1  1  7 15
 68  4  Santal           .  .  .  .  3  3  5  6  7 11  8 22  7 16  7 15
 69  1  Bengali          3  7  2  3  3  3  1  1  7 11  1  1  6 15  7 15
 69  2  Bhilala          1  1  2  3  3  3  5  6  8 12  1  1  3  4  7 15
 69  3  Bihari           3  7  .  .  3  3  2  2  7 11  2  9  6 15  7 15
 69  4  Chakma           6 14  1  1  8 10  1  1  7 11  1  1  6 15  7 15
 69  5  Indo-Aryans      3  7  4  6  1  1  1  1  2  5  2  9  6 15  6 14
 70  1  Burusho          1  1  2  3  1  1  2  2  1  1 12 29  1  1 14 30
 70  2  Dard             1  1  2  3  3  3  5  6  3  6  2  9  6 15  .  .
 70  3  Kashmiri         1  1  4  6  2  2  1  1  7 11  2  9  7 16  6 14
 71  1  Hazara           1  1  2  3  2  2  1  1  3  6  2  9  7 16  .  .
 71  2  Pathan           1  1  2  3  2  2  1  1  7 11  2  9  2  2  9 18
 72  1  Kazak            3  7  8 10  3  3  1  1  3  6  1  4  4  7 12 26
 72  2  Uzbek            4 10 12 16  3  3  1  1 16 23  1  1  4  7  1  2
 73  1  Yurak Samoyed    1  1  .  .  4  4  3  4  6 10  1  1  3  4  .  .
 74  1  Yakut            1  1  4  6  3  3  7  9  .  . 10 25  7 16  7 15
 75  1  Yukaghir         1  1  2  3  6  7  7  9 13 20  4 14  1  1 11 25
 76  1  Chukchee         1  1  2  3  3  3  5  6  5  9 19 40  3  4  2  5
 77  1  Gilyak           1  1  2  3  1  1  2  2  2  5  4 14  2  2  .  .
 78  1  Sara Ainu        1  1  1  1  4  4  3  4  4  7  5 16  6 15 17 34
 79  1  Japanese         1  1  1  1  4  4  3  4  5  9  1  1  3  4  5 13
 79  2  Miyakans         1  1  1  1  7  9  6  8  4  7 14 33  3  4  5 13
 79  3  Okinawans        1  1  1  1  4  4  3  4  2  5  1  1  3  4  1  1
 80  1  Koreans          3  7  4  6  4  4  3  4  5  9  1  1  1  1  6 14
 81  1  Manchu           3  7  4  6  3  3 11 13  7 11  1  1  2  2  9 18
 82  1  Buryat           3  7  2  3  2  2  1  1  3  6  4 14  7 16  6 14
 82  2  Dagur Mongols    3  7  1  1  6  7  7  9  3  6  4 14  2  2  6 14
 82  3  Khalka           3  7  7  9  2  2  1  1  3  6  4 14  4  7  6 14
 82  4  Monguor          1  1  1  1  3  3  1  1  2  5  8 21  .  .  .  .
 83  1  Shantung         3  7  4  6  3  3  1  1  7 11  1  1  6 15  6 14
 84  1  Akha             1  1  2  3  6  7  5  6  .  .  1  1  7 16  .  .
 84  2  Lisu             3  7  2  3  6  7  7  9  .  .  1  1  6 15  .  .
 84  3  Lolo             3  7  4  6  2  2  1  1  7 11  1  1  6 15  .  .
 84  4  Magpie Miao      3  7  2  3  3  3  5  6  7 11 11 26  2  2  7 15
 84  5  Minchia          3  7  2  3  3  3  5  6  5  9  1  1  6 15  6 14
 85  1  Lepcha           1  1  1  1  3  3  6  8  4  7  4 14  1  1  9 18
 85  2  Nepali           1  1  2  3  3  3  5  6  .  .  1  1  .  .  7 15
 85  3  Sherpa           1  1  2  3  2  2  1  1  9 14  1  1  4  7 12 26
 86  1  Garo             1  1  1  1  3  3  5  6  2  5  1  1  2  2  5 12
 86  2  Khasi            4 10  1  1  3  3  5  6  3  6  1  1  2  2  .  .
 87  1  Angami           1  1  2  3  3  3  2  2  .  . 11 26  4 10  7 15
 87  2  Ao               1  1  1  1  3  3  5  6  2  5  4 14  4  7  5 12
 87  3  Kachin           1  1  1  1  1  1  2  2  1  1  4 14  4  9  3  7
 87  4  Lhota            1  1  2  3  3  3  5  6  2  5  1  3  4  7 14 30
 87  5  Sema             7 15  3  5  1  1  2  2  8 12  1  1  4  7  .  .
 88  1  Aimol            1  1  2  3  1  1  2  2  6 10  3 11  4  7 19 36
 88  2  Haka Chin        1  1  7  9  1  1  2  2  2  5  6 18  4  7  .  .
 88  3  Lakher           1  1  2  3  1  1  2  2  2  5  8 22  4  8  5 13
 88  4  Purum            1  1  .  .  3  3  1  1 10 17  1  1  4  7  5 12
 89  1  Burmese          1  1  1  1  7  9  6  8  5  9 10 25  1  1  6 14
 89  2  Karen            1  1  1  1  4  4  3  4  .  .  3 11  3  4  1  1
 90  1  Lamet            1  1  1  1  1  1  2  2  2  5  .  .  2  2  .  .
 91  1  Lao              7 15  1  1  7  9  6  8  .  .  1  1  3  4  .  .
 91  2  Siamese          3  7  1  1  7  9  6  8  4  7  3 11  1  1  .  .
 92  1  Andamanese       1  1  1  1  4  4  3  4  4  7  3 11  3  4  .  .
 93  1  Nicobarese       1  1  .  .  .  .  .  .  4  7  7 20  3  4  .  .
 94  1  Semang           1  1  1  1  7  9  6  8  6 10  3 11  3  4  .  .
 95  1  Cambodians       1  1  1  1  7  9  6  8  4  7  3 11  3  4  .  .
 96  1  Jarai            1  1  1  1  7  9  6  8  .  .  1  1  3  4  .  .
 96  2  Mnong Gar        2  3  1  1  6  7  6  8  1  4  7 20  5 12  .  .
 97  1  Vietnamese       1  1  1  1  3  3  1  1  4  7  4 14  1  1  7 15
 98  1  Ami              1  1  4  6  5  6  4  5  6 10  3 11  1  1  1  1
 98  2  Atayal           1  1  5  7  4  4  3  4  6 10  6 17  1  1 21 38
 98  3  Bunun            1  1  5  7  4  4  3  4  4  7  5 16  3  4  .  .
 98  4  Puyuma           2  3  3  4  5  6  4  5  6 10  5 16  3  4 15 32
 98  5  Yami             1  1  1  1  4  4  3  4  6 10  3 11  3  4  .  .
 99  1  Bisayan          1  1  1  1  5  6  4  5  2  5  3 11  1  1  1  1
 99  2  Hanunoo          1  1  3  4  4  4  3  4  4  7  3 11  3  4  1  1
 99  3  Ifugao           2  3  3  4  5  6  4  5  6 10  5 16  1  1  1  1
 99  4  Manobo           2  3  3  4  4  4  3  4  4  7  8 21  1  1  8 16
 99  5  Subanun          2  3  3  4  5  6  4  5  4  7  5 16  1  1  1  3
100  1  Selung           1  1  1  1  7  9  6  8  5  9  1  1  3  4  .  .
100  2  Tawi_Tawi        2  3  1  1  4  4  3  4  4  7  5 16  3  4  1  1
101  1  Iban             1  1  1  1  7  9  6  8  4  7  3 11  3  4  1  1
101  2  Punan            2  3  1  1  4  4  3  4  4  7  3 11  1  1  1  1
102  1  Batak            2  3  1  1  3  3  5  6  1  1  6 17  7 18  5 12
102  2  Malays           1  1  1  1  5  6  4  5  4  7  3 11  1  1  1  1
102  3  Mentaweians      2  3  1  1  2  2  1  1  3  6  9 23  2  2  1  3
102  4  Minangkabau      2  3  1  1  1  1  2  2  1  1  9 23  1  1  1  1
103  1  Javanese         2  3  1  1  4  4  7  9  4  7  4 14  3  4  1  1
104  1  Balinese         1  1  1  1  7  9  4  5  .  .  4 14  1  1  1  1
104  2  Kodi             2  3  5  7  1  1  2  2  1  1  8 21  2  2  .  .
105  1  Macassarese      2  3  1  1  4  4  3  4  4  7  2  9  3  4  .  .
105  2  Toradja          1  1  1  1  4  4  4  5  4  7  3 11  1  1  1  1
107  1  Alorese          2  3  1  1  4  4  3  4  6 10  3 11  1  1  .  .
107  2  Belu             2  3  1  1  1  1  2  2  6 10  4 14  1  1  9 17
107  3  Pantara          2  3  1  1  3  3  2  2  1  3  3 11  .  .  .  .
107  4  Rotinese         1  1  1  1  2  2  1  1  3  6  7 20  2  3  .  .
107  5  Tanimbarese      2  3  3  4  1  1  2  2  2  5  9 23  1  1  9 17
108  1  Groote Eylandt   .  .  .  .  .  .  .  .  .  .  .  .  .  .  .  .
108  2  Murngin          3  7  8 12  1  1  2  2  1  1  4 14  7 16  5 12
108  3  Tiwi             3  7  8 10  1  1  2  2  2  5  1  1  2  2  5 12
108  4  Wikmunkan        3  8  3  4  6  8  5  7  9 16  1  1  2  2  5 12
109  1  Aranda           3  7  3  4  1  1  2  2  3  6 12 29  2  2  4 10
109  2  Dieri            3  7  3  4  1  1  2  2  1  1  4 14  2  2  5 12
109  3  Kariera          3  7  3  4  1  1  2  3  2  5  1  1  2  2  5 12
109  4  Murinbata        3  7  3  4  1  1  2  2  2  5  2  9  2  2  5 12
111  1  Komba            1  1  6  8  2  2  2  2  3  6  1  2  2  2 13 29
111  2  Kutubu           1  1  1  1  2  2  1  1  1  1 13 31  2  2 19 36
111  3  Mailu            2  3  1  1  1  1  2  2  6 10  4 14  7 17 14 30
111  4  Orokaiva         2  3  3  4  1  1  2  2  1  1 14 33  2  2  .  .
111  5  Wantoat          1  1  1  1  1  1  2  2 11 18  7 20  2  2  .  .
112  1  Keraki           2  3  3  4  3  3  1  1  8 12  1  1  2  2  .  .
112  2  Kimam            2  3  3  5  5  6  4  5  6 10  4 14  1  1 10 24
112  3  Kiwai            2  3  3  4  3  3  7  9  2  5  1  1  2  2 20 37
112  4  Marindamin       6 14  1  1  1  1  2  2  2  5  2  9  2  2  7 15
112  5  Miriam           2  3  1  1  1  1  4  5  1  1  2  9  2  2 13 29
113  1  Abelam           6 14  7  9  1  1  2  2  1  1  7 20  2  2  3  7
113  2  Kewa             1  1  .  .  2  2  1  1  8 12 13 31  2  2 19 36  
113  3  Kwoma            1  1  2  3  3  3  5  6  1  1  7 20  4  7  5 13
113  4  Manam            2  3  3  4  1  1  2  2  .  .  3 11  1  1  .  .
113  5  Siane            2  3  1  1  1  1  2  2  1  1  9 23  2  2  .  .
114  1  Bgu              2  3  3  4  1  1  4  5  6 10  3 11  1  1  1  1
114  2  Kapauku          2  3  3  4  1  1  2  2  1  1  6 17  2  2  8 16
114  3  Muju             2  3  1  1  1  1  2  2  1  1  4 14  4  7  .  .
114  4  Samarokena      12 20  1  1  3  3  7  9  6 10  4 14  2  2  6 14
114  5  Waropen          2  3  3  4  1  1  2  2  2  5  7 20  2  2  1  1
115  1  Chamorro         1  1  7  9  4  4  3  4  5  9  5 16  3  4  2  5
115  2  Palauans         3  7  8 10  2  2  4  5 11 18  1  5  1  1  .  .
116  1  Yapese           1  1  1  1  1  1  4  5  1  1  3 11  5 11  4 10
117  1  Ifuluk           3  7  1  1  1  1  4  5  1  1  9 23  1  1  .  .
117  2  Lamotrek         1  1  1  1  5  6  4  5  1  1  9 23  1  1  .  .
117  3  Ponapeans        5 11  5  7  7  9  4  5  1  1  2  9  5 11  2  5
117  4  Trukese          5 11  5  7  5  6  4  5  6 10  9 23  5 11  1  1
117  5  Ulithians        5 11  5  7  5  6  4  5  6 10  9 23  1  1  8 16
118  1  Majuro           1  1  1  1  1  1  4  5  1  1 14 33  2  3  5 13
118  2  Nauruans         2  3  3  4  1  1  4  5  1  1  3 11  2  2  4 10
119  1  Makin            2  3  3  4  5  6  4  5  6 10  9 23  1  1  8 16
120  1  Manus            1  1  1  1  3  3  5  6  8 12 18 39  5 13  .  .
121  1  Bakovi           2  3  3  4  1  1  2  2  1  3  6 17  2  2  .  .
121  2  Lesu             2  3  3  4  1  1  2  2  2  5 13 31  2  2  8 16
122  1  Bwaidoga         2  3  .  .  1  1  4  5  6 10  9 23  1  1  .  .
122  2  Dobuans          2  3  3  4  1  1  2  2  1  1  9 23  2  2  8 16
122  3  Molima           2  3  3  4  1  1  1  1  4  7 15 36  2  2 21 38
122  4  Rossel           1  1  1  1  1  1  2  2  3  6  2  9  5 11  4 10
122  5  Trobriands       2  3  3  4  1  1  2  2  1  1  6 17  5 11  .  .
123  1  Choiseulese      1  1  1  1  1  1  4  5  1  1  3 11  1  1  1  4
123  2  Kaoka            2  3  3  4  5  6  4  5  1  2 15 36  2  2  .  .
123  3  Kurtatchi        2  3  1  1  1  1  4  5  1  1  9 23  2  2  8 16
123  4  Siuai            3  9  3  5  1  1  2  2  2  5 18 39  2  3  5 13
123  5  Ulawans          1  1  2  3  1  1  4  5  1  1  9 23  1  1 10 21
124  1  Kapingamarangi   5 12  1  1  5  6  4  5  6 10  5 16  1  1  8 16
124  2  Ontong Java      2  3  1  1  1  1  4  5  1  1  9 23  1  1  4 10
124  3  Rennell          2  3  1  1  3  3  1  1  3  6  6 17  3  6  .  .
124  4  Tikopia          2  3  1  1  1  1  2  2  1  1  9 23  2  2  4 10
125  1  Cape Mendana    11 19  9 13  1  1  4  5  2  5  8 21  1  1  5 13
125  2  Graciosa Bay     7 15  5  7  1  1  2  3  1  1  8 21  1  1  7 15  
125  3  Mota             2  3  3  4  1  1  2  2  1  1  6 17  5 11  3  7
125  4  Nakaenga         1  1  2  3  1  1  2  2  1  1  8 21  2  2  .  .
126  1  Efate            3  7  1  1  1  1  2  2  1  1  2  9  5 11  3  8
126  2  Epi              2  3  3  4  1  1  2  2  1  1  8 21  4  7  5 12
126  3  Eromangans       1  1  1  1  1  1  2  2  1  1 12 29  2  2 21 38
126  4  Ranon            2  6  1  2  1  1  2  2  1  1 12 29  7 16  5 12
126  5  Seniang          2  3  1  1  3  3  5  6  1  1 11 26  5 11  9 17
127  1  Ajie             1  1  2  3  1  1  2  2  1  1  6 17  2  2  .  .
127  2  Lifu             1  1  1  1  1  1  2  2  5  9  .  .  1  1  6 14
128  1  Mbau Fijians     8 16  1  1  3  3  5  6  1  1  6 17  2  2  4 10
128  2  Rotumans         1  1  5  7  5  6  4  5  6 10 12 29  1  1  8 16
128  3  Vanua Levu       2  3  1  1  3  3  4  5  1  1  6 17  2  2  1  1
129  1  Ellice           2  3  1  1  1  1  4  5  1  1  9 23  1  1  8 16
129  2  Pukapukans       2  3  2  3  5  6  4  5  6 10 12 29  3  5  8 16
129  3  Samoans          5 11  5  7  5  6  2  2  4  7 12 29  1  1  5 13
129  4  Tokelau          2  3  1  1  1  1  2  2  1  1 12 29  4  7  .  .
129  5  Tongans          2  3  1  1  1  1  2  2  1  1 13 31  1  1  8 16
130  1  Maori            1  1  1  1  5  6  4  5  6 10  7 20  1  1 20 37
131  1  Easter Islanders 2  3  1  1  4  4  3  4  4  8  2  9  1  1  .  .
131  2  Mangaians        2  3  1  1  5  6  4  5  4  7  7 20  1  1  1  1
131  3  Mangarevans      2  3  1  1  7  9  6  8  4  7  7 20  1  1  1  1
131  4  Marquesans       2  3  1  1  3  3  5  6  1  1  2  9  1  1  1  1
131  5  Rarotongans      1  1  2  3  5  6  4  5  5  9  7 20  1  1  .  .
132  1  Aleut            1  1  1  1  2  2  1  1  1  1  7 20  2  2  3  8
132  2  Nunivak          1  1  2  3  2  2  1  1  3  6  4 14  2  2  6 14
132  3  Sivokakmeit      1  1  1  1  2  2  1  1  3  6 14 33  2  2  .  .
132  4  Tareumiut        1  1  1  1  4  4  3  4  4  7  1  1  2  2 10 22
133  1  Caribou Eskimo   1  1  1  1  4  4  3  4  4  7 11 26  3  4  4 10
133  2  Iglulik          1  1  1  1  4  4  3  4  4  7  1  1  2  3  4 11
133  3  Nunamiut         1  1  1  1  4  4  3  4  4  7  4 14  3  4 10 21
133  4  Polar Eskimo     1  1  1  1  2  2  1  1  3  6 22 43  3  4 10 22
133  5  Taqagmiut        1  1  1  1  2  2  1  1  3  6  5 16  3  4  4 11
134  1  Beaver           1  1  4  6  2  2  1  1  1  1  1  1  2  2  5 12
134  2  Chipewyan        1  1  2  3  4  4  3  4  .  .  1  1  1  1 21 38
134  3  Dogrib           1  1  1  1  4  4  3  4  4  7  1  1  1  1  1  1
134  4  Sarsi            1  1  6  8  4  4  2  2  6 10  1  1  1  1  4 10
134  5  Sekani           1  1  1  1  2  2  1  1  1  1  1  1  1  1  1  1
135  1  Ingalik          1  1  1  1  4  4  3  4  4  7  1  1  3  4  .  .
135  2  Kutchin          1  1 11 15  2  2  1  1  6 10  1  1  1  1  1  3
136  1  Eyak             3  7  8 10  1  1  8 10  8 12 11 27  2  2  2  5
136  2  Nabesna          1  1  2  3  2  2  1  1  1  1  1  1  2  2  .  .
136  3  Tanaina          1  1  1  1  4  4  3  4  1  1  1  1  2  2  4 10
137  1  Haida            1  1  1  1  2  2  2  2  3  6  7 20  5 11  4 10
137  2  Haisla           1  1  2  3  1  1  2  2  1  1  3 11  2  2  1  3
137  3  Tlingit          2  3  1  1  2  2  2  2  3  6  7 20  5 14 14 30
138  1  Alkatcho         1  1  4  6  4  4  3  4  4  7  1  1  1  1  1  1
138  2  Carrier          4 10  1  1  4  4  3  4  3  6  1  1  2  2  1  1
138  3  Kaska            1  1  1  1  2  2  2  2  1  2  1  1  5 14  .  .
139  1  Bellabella       1  1  2  3  2  2  1  1  .  . 10 24  1  1  2  5
139  2  Bellacoola       1  1  1  1  4  4  3  4  4  7  3 11  1  1  1  3
139  3  Kwakiutl         2  3  1  1  4  4  3  4  5  9  6 17  1  1  4 10
139  4  Nootka           2  3  1  1  4  4  3  4  5  9  3 11  1  1 13 29
140  1  Comox            2  3  1  1  4  4  3  4  4  7 15 36  1  1  4 11
140  2  Klallam          2  3  1  1  6  7  7  9 15 22  3 11  1  1  .  .
140  3  Puyallup         1  1  1  1  4  4  3  4  4  7  6 17  1  1  2  5
140  4  Quinault         1  1  1  1  4  4  3  4  4  7  3 11  1  1  3  7
140  5  Twana            1  1  1  1  4  4  3  4  4  7  1  1  1  1  1  3
141  1  Hupa             3  7 10 14  2  2  1  1 10 17  1  1  1  1 11 25
141  2  Karok           11 19  3  5  2  2  1  1 10 17  1  1  1  1  4 10
141  3  Tolowa           3  7  7  9  2  2  1  1 10 17  1  1  2  2  3  7
141  4  Wiyot            1  1  9 13  2  2  1  1  5  9  5 16  3  4  .  .
141  5  Yurok            1  1  1  1  4  4  3  4  5  9  8 21  1  1  1  3
142  1  Atsugewi         3  7  3  4  2  2  1  1  3  6 12 29  3  4  4 10
142  2  Klamath          3  7  3  4  2  2  1  1  3  6 21 42  1  1  4 10
142  3  Shasta           3  7  3  4  2  2  1  1  3  6 16 37  2  2  4 10
142  4  Washo            3  7  3  4  2  2  1  1  3  6  1  1  1  1 21 38
142  5  Yahi             3  7  3  4  1  1  2  2  1  1 11 26  2  2  4 11 
143  1  Eastern Pomo     3  7  3  4  2  2  5  6  1  1  4 14  4  7 10 24
143  2  Maidu            3  7  2  3  2  2  1  1  4  7  1  1  2  2  4 10
143  3  Patwin           1  1  1  1  2  2  1  1  3  6  4 14  4  7 10 22
143  4  Southern Pomo    3  7  2  3  3  3  5  6 16 23  4 14  5 11  9 17
143  5  Yuki             3  7  4  6  2  2  1  1 10 17 15 36  1  1  5 13
144  1  Luiseno         11 19  3  5  3  3  5  6  3  6  1  1  2  2  1  2
144  2  Miwok            1  1  1  1  1  1  5  6  2  5  1  1  4  7  9 19
144  3  Serrano         11 19  3  4  3  3  5  6  8 12  1  1  2  2  4 10
144  4  Tubatulabal      3  7  3  4  3  3  5  6  1  1 11 27  1  1  9 17
144  5  Yokuts           4 10  3  4  2  2  1  1 11 18  1  1  1  1 21 38
145  1  Cocopa           3  7  4  6  3  3  5  6 18 25  1  1  2  2 20 37
145  2  Diegueno         3  7  7  9  3  3  5  6  8 12  4 14  2  2 20 37
145  3  Kewyipaya        3  7  7  9  3  3  5  6 16 23 15 36  2  2 20 37
145  4  Kiliwa           3  7  8 10  3  3  5  6  8 12  1  1  2  2  2  5
145  5  Yuma             3  7  7  9  3  3  5  6  8 13 15 36  2  2 20 37
146  1  Eastern Mono     3  7  3  4  2  2  1  1 11 18  1  1  1  1  3  7
146  2  Hukundika        3  7  3  4  3  3  2  2  1  1  1  1  1  1  3  7
146  3  Kidutokado       3  7  3  4  2  2  1  1  3  6  1  1  1  1  3  8
146  4  Shivwits         3  7  3  4  6  7 12 14  .  .  1  1  1  1 11 25
147  1  Southern Ute     3  7  3  4  6  7  5  6  9 14  1  1  1  1  2  5
147  2  Uintah           3  7  3  4  3  3  5  6  9 14  1  1  1  1  1  3
147  3  Wind River       3  7  3  4  1  1  2  2 11 18 14 33  1  1 11 25
148  1  Tenino           3  7  3  4  2  2  1  1  3  6 10 25  1  1  4 10
148  2  Wishram          3  7 16 20  4  4  3  4  7 11  1  1  1  1  3  7
149  1  Flathead         3  7  3  4  2  2  1  1  3  6 10 24  1  1  4 10
149  2  Kutenai          2  5  3  4  2  2  8 10  3  6  1  1  1  1  9 18
149  3  Lillooet         1  1  1  1  4  4  3  4  4  7  4 14  1  1  5 12
149  4  Shuswap          1  1  1  1  8 10  .  .  5  9  8 21  1  1  .  .
149  5  Sinkaitk         3  7  3  4  2  2  1  1  4  7  1  1  1  1  4 10
150  1  Assiniboin       1  1  1  1  1  1  2  2  1  1 10 24  2  2  3  7
150  2  Gros Ventre      1  1  1  1  1  1  2  2  2  5  4 14  1  1  4 10
150  3  Piegan           2  3  2  3  2  2  2  2 14 21  1  7  1  1  6 14
150  4  Teton            1  1  1  1  1  1  2  2  2  5  4 14  2  2  2  5
151  1  Attawapiskat     1  1  1  1  2  2  1  1  7 11  4 14  2  2  4 10
151  2  Escoumains       1  1  1  1  2  2  1  1  5  9  4 14  3  4  6 14
151  3  Naskapi          1  1  1  1  2  2  1  1 10 17  2  9  2  2  4 10
151  4  Plains Cree      1  1  1  1  2  2  1  1  2  5  4 14  2  2  2  5
152  1  Abnaki           1  1  1  1  2  2  1  1  5  9  4 14  3  4  8 16
152  2  Malecite         1  1  1  1  2  2  1  1  7 11  4 14  3  4  3  8
152  3  Micmac           1  1  1  1  2  2  1  1  5  9  1  1  3  4  2  5
152  4  Penobscot        1  1  1  1  2  2  1  1  7 11  4 14  1  1  8 16
153  1  Bungi            1  1  2  3  2  2  2  2  2  5  1  1  2  2  .  .
153  2  Chippewa         1  1  1  1  2  2  1  1  7 11 18 39  2  2  4 10
153  3  Eastern Ojibwa   1  1  1  1  2  2  8 10 13 20  4 14  3  4  3  7
154  1  Arikara          1  1  1  1  1  1  4  5 10 17 14 35  5 11 11 25
154  2  Crow             1  2  1  1  8 10  2  2  7 11 10 25  5 11 13 29
154  3  Hidatsa          1  1  1  1  8 10  2  2  2  5 10 24  5 11  3  7
154  4  Mandan           1  1  6  8  1  1  2  2  1  1 11 28  5 11  9 18
155  1  Miami            1  1  1  1  1  1  2  2  2  5  1  1  4  7  4 11
155  2  Omaha            1  1  1  1  1  1  2  2  2  5  1  2  4  7  3  7
155  3  Potawatomi       1  1  1  1  2  2  1  1  2  5  4 14  4  7  4 10
155  4  Shawnee          1  1  1  1  1  1  2  2  2  5  4 14  4  7  3  8
155  5  Winnebago        1  1  2  3  2  2  1  1  2  5 10 25  4  7  3  7
156  1  Deleware         1  1  1  1  2  2  3  4  7 11  4 14  1  1  .  .
156  2  Seneca Iroquois  1  1  2  3  1  1  2  2  2  5  1  1  2  2  9 20
157  1  Catawba          1  1  1  1  2  2  3  4  5  9  2  9  3  4  2  5
157  2  Cherokee         1  2  1  1  1  1  2  2  2  5 13 32  5 11  1  1
157  3  Choctaw          1  1  2  3  1  1  2  2  2  5  7 20  5 11  9 17
157  4  Creek            1  1  1  1  2  2  1  1  2  5  7 20  5 11  1  3
157  5  Yuchi            1  1  1  1  4  4  1  1  .  .  2  9  5 11  .  .
158  1  Biloxi           1  1  4  6 10 13 11 13  2  5 10 24  .  . 16 33  
158  2  Chitimacha       2  3  .  .  2  2  3  4  4  7 14 33  3  4  .  .
158  3  Natchez          1  1  1  1  2  2  1  1  1  1  8 22  5 12  .  .
159  1  Caddo            1  1  6  8  1  1  2  2  1  1 11 26  2  2  1  1
159  2  Hasinai          1  1  6  8  3  3  5  6  1  1 11 26  1  1  1  1
159  3  Pawnee           1  1  1  1  1  1  4  5  1  1  2 10  5 11  3  8
159  4  Wichita          2  3  1  1  3  3  6  8  2  5  8 21  1  1 13 29
160  1  Coahuilteco      3  7 14 18  6  7  7  9  9 15 10 24  3  4 10 23
160  2  Comanche         3  7  3  4  1  1  2  2  1  1  1  1  1  1 13 29
160  3  Kiowa            1  1  .  .  1  1  2  2  1  1 13 31  1  1  .  .
160  4  Kiowa Apache     5 11  3  4  1  1  2  2  1  1  1  1  1  1  8 16
161  1  Chiricahua       3  7  3  4  2  2  1  1  3  6  2  9  1  1 10 21
161  2  Isleta           4 10  1  1  4  4  1  1  4  7  1  1  1  1  1  1
161  3  Jicarilla        1  1  1  1  1  1  2  2  3  6  8 22  2  2  1  1
161  4  Taos             4 10  1  1  4  4  3  4  4  7  1  1  3  4  6 14
161  5  Tewa             1  1  3  5  4  4  3  4  4  7  3 11  3  4 10 22
162  1  Cochiti         10 18  3  4  1  1  4  5  1  2 13 31  1  1  1  1
162  2  Hano             4 10  3  4  1  1  5  6  1  1  4 14  5 11 12 26
162  3  Hopi             1  1  1  1  1  1  2  2  1  1  1  6  5 11  .  .
162  4  Western Apache   6 14  3  4  2  2  1  1  3  6 12 30  2  2  1  1
162  5  Zuni             4 10  2  3  1  1  2  2  1  1  1  3  5 11  .  .
163  1  Mayo             3  7  3  4  7  9 12 14 12 19 20 41  1  1  .  . 
163  2  Opata            3  7  3  4  6  7  7  9  9 14  1  1  3  4  2  5
163  3  Pima             3  7  3  5  6  7  7  9 17 24  3 11  2  2  .  .
163  4  Seri             3  7  3  5  3  3  5  6  8 12 10 25  1  1  7 15
163  5  Tarahumara       3  7  3  4  6  7  7  9  9 14  1  1  1  1  1  1
164  1  Cora             1  1  3  4  4  4  3  4  5  9  4 14  1  1  .  .
164  2  Huichol          1  2  3  4  4  4  3  4  4  7  4 14  1  1  4 10
164  3  Tepehuan         3  7  3  5  6  7  5  6  9 14  3 11  1  1  3  7
165  1  Aztec            1  1  2  3  4  4  3  4  5  9  1  1  1  1  4 10
165  2  Chichimec        1  1  6  8  4  4  3  4  4  7 14 34  1  1  .  .
165  3  Huastec          1  1  1  1  2  2  1  1  1  1  8 21  1  1  4 10
165  4  Otomi            1  1  1  1  2  2  1  1  5  9 10 25  1  1  3  7
165  5  Totonac          1  1  1  1  4  4  3  4  5  9  3 12  3  4  2  5
166  1  Huave            1  1  1  1  5  6  4  5  6 10  3 11  1  1  1  1
166  2  Mazateco         1  1  1  1  4  4  3  4  5  9  2  9  1  1  2  5
166  3  Mixtec           1  1  1  1  4  4  3  4  5  9  8 21  1  1 15 32
166  4  Popoluca         1  1  1  1  4  4  3  4  4  7  4 14  1  1  4 10
166  5  Tequistlatec     1  1  5  7  4  5  .  .  6 10  5 16  1  1  3  7
167  1  Cakchiquel       1  1  6  8  4  4  3  4  5  9  7 20  1  1  4 10
167  2  Chorti           1  1  1  1  4  4  3  4  4  7  3 11  1  1  5 13
167  3  Jacaltec         1  1  1  1  5  6  4  5  6 10  1  1  3  4  1  1
167  4  Tzeltal          1  1  6  8  2  2  1  1  3  6  4 14  4  7  4 10
167  5  Yucatec Maya    14 22  8 11  2  2  1  1  1  1  1  7  3  4  4 10
168  1  Black Carib      1  1  1  1  2  2  1  1 10 17  1  1  2  2  3  7
168  2  Miskito          1  1  .  .  2  2  3  4  5  9  9 23  2  2  .  .
169  1  Bribri           4 10  6  8  2  2  1  1  4  7  9 23  2  2  4 10
169  2  Guaymi           1  1  2  3  1  1  2  2  1  1  9 23  1  1 13 29
170  1  Choco            1  1  1  1  4  4  4  5  5  9  5 16  1  1  .  .
170  2  Cuna             1  1  2  3  4  4  3  4  5  9  7 20  1  1  3  8
171  1  Cayapa           1  1  1  1  2  2  1  1  7 11 15 36  2  2  .  .
171  2  Chibcha          1  1  2  3  2  2  1  1  4  7  1  1  3  4  .  .
171  3  Paez             1  1  1  1  2  2  1  1  6 10 11 26  1  1  4 10
171  4  Tunebo           1  1  2  3  2  2  3  4  5  9  6 17  1  1  2  5
172  1  Cagaba           1  1  1  1  4  4  3  4  6 10  1  8  1  1 13 29
172  2  Carinya          1  1  1  1  2  2  1  1  2  5 10 24  2  2  4 10
172  3  Goajiro          1  1  1  1  1  1  1  1  5  9  1  1  5 11  3  7
172  4  Motilon          1  1  1  1  1  1  1  1  7 11 10 24  2  2  3  7
172  5  Paraujano        1  1  1  1  4  4  3  4  4  7  6 17  1  1  2  5
173  1  Callinago       13 21  1  1  1  1  2  2  1  1 10 24  2  3  4 10
174  1  Haitians         1  1  1  1  4  4  3  4  5  9  2  9  3  4  2  5
174  2  Jamaicans        1  1  2  3  4  4  3  4  4  7  2  9  3  4 12 28 
175  1  Curipaco         1  1  2  3  4  4  3  4  6 10  1  1  1  1  3  8
175  2  Guahibo          1  1  2  3  4  4  1  1  5  9  1  1  2  2 16 33
175  3  Piapoco          1  1  1  1  4  4  3  4  5  9  1  1  1  1 16 33
176  1  Warrau           1  1  1  1  3  3  5  6  6 10 11 26  1  1  3  7
177  1  Makitare         1  1  1  1  1  1  2  2 10 17  1  2  7 18  5 12
177  2  Panare           1  1  1  1  1  1  2  2  3  6  2  9  2  2  2  5
177  3  Piaroa           1  1  2  3  1  1  2  2  2  5  1  1  2  2  2  5
177  4  Shiriana         1  1  1  1  1  1  2  2  1  1  2  9  2  2 14 30
177  5  Yabarana         1  1  1  1  1  1  2  2  2  5 10 25  2  2  5 12
178  1  Camaracoto       1  1  1  1  9 11  8 10  2  5 10 24  2  2  3  7
178  2  Carib            1  1  1  1  9 11  1  1  2  5 22 43  2  2  1  1
178  3  Macusi           1  1  1  1  2  2  1  1  7 11 10 24  2  2  3  7
178  4  Wapishana        1  1  1  1  9 11  8 10 10 17 13 31  2  2  .  .
179  1  Saramacca        2  3  3  4  1  1  2  2  5  9  1  1  3  4  1  1
180  1  Mundurucu        4 10  1  1  1  1  2  2  1  1 14 33  2  2  5 12
180  2  Palikur          1  1  1  1  1  1  2  2  2  5  3 11  2  2  3  7
180  3  Waiwai           1  1  1  1  1  1  2  2  5  9  7 20  2  2  .  .
181  1  Tucuna           5 12  1  1  2  2  3  4  3  6  2  9  2  2  2  5
182  1  Cubeo            1  1  2  3  2  2  2  2  5  9  1  1  2  2  3  8
182  2  Tucano           1  1  2  3  9 12  1  1  .  .  1  1  7 16  .  .
182  3  Witoto           5 12  5  7  2  2  1  1  7 11  8 21  .  .  2  5
183  1  Jivaro           1  1  1  1  1  1  4  5  5  9 13 31  2  2 20 37
184  1  Piro             1  1  2  3  2  2  1  1  2  5  1  1  2  2  3  7
185  1  Inca             1  1  1  1  1  1  2  2  1  1  8 21  1  1  3  7
186  1  Aymara           3  7  1  1  6  7  7  9  1  1  1  1  1  1  9 19
186  2  Chipaya          1  1  1  1  3  3  1  1  7 11 11 26  3  4  .  .
186  3  Uru              3  7  4  6  2  2  3  4  7 11  1  1  3  4  1  3
187  1  Siriono          1  1  1  1  1  1  2  2  2  5  5 16  5 13  4 11
188  1  Bororo           3  7  5  7  8 10  2  3  2  5  7 20  5 11  .  .
188  2  Guato            1  1  2  3  1  1  2  2  1  1  2  9  2  2  .  .
188  3  Nambicuara       1  1  1  1  1  1  2  2  2  5  .  .  2  2  3  7
189  1  Bacairi          1  1  1  1  1  1  2  2  2  5 11 26  2  2  3  8
189  2  Camayura         1  1  6  8  2  2  1  1  2  5 10 25  2  2  6 14
189  3  Trumai           1  1  1  1  2  2  1  1  7 11  3 13  2  2  3  8
189  4  Umotina          1  1  5  7  5  6  4  5  6 10  1  1  1  1  3  8
189  5  Waura            1  1  2  3  1  1  2  2  2  5  1  1  2  2 19 36
190  1  Apinaye          3  7  7  9  1  1  2  2  1  1  8 21  .  .  3  8
190  2  Northern Cayapo  1  1  1  1  1  1  2  2 10 17  2  9  4  7  3  8
190  3  Timbira          7 15  2  3  1  1  2  2  2  5  3 11  5 11  .  .
191  1  Tenetehara       1  1  6  8  2  2  1  1  2  5 11 26  1  1  7 15
191  2  Tupinamba        1  1  6  8  2  2  1  1  7 11  3 11  6 15  7 15
193  1  Caraja           1  1  5  7  3  3  5  6  3  6  1  1  1  1  .  .
193  2  Shavante         2  3  1  1  3  3  5  6  3  6  3 11  4  7  9 17
193  3  Sherente         2  3  1  1  1  1  2  2 11 18  3 11  4  7  3  8
194  1  Aweikoma         5 11  5  7  5  6  4  5  6 10  3 11  1  1  1  1
195  1  Cayua            1  1  1  1  2  2  1  1  2  5  8 22  1  1  .  .
196  1  Caduveo          1  1  2  3  1  1  2  2  2  5 12 29  1  1  2  5
196  2  Chulupi          1  1 16 20  4  4  3  4  5  9  1  1  1  1 12 26
196  3  Terena           1  1  1  1  2  2  1  1  1  1  6 17  1  1  .  .
197  1  Mataco           1  1  2  3  4  4  3  4  5  9  1  1  1  1  1  1
197  2  Toba             1  1  1  1  4  4  3  4  5  9  1  1  1  1 10 22
198  1  Mapuche          3  7  3  4  2  2  1  1  1  1 13 31  4  7  .  .
199  1  Ona              1  1  1  1  2  2  1  1  2  5  1  1  3  4  .  .
200  1  Yahgan           1  1  2  3  2  2  1  1  7 11  2  9  3  4  2  5

