111 11
120 12
198 25
147 18
171 22
129 15
156 23
93 9
162 19
198 24
171 19
135 16
114 14
162 19
183 21
201 26
198 21
159 21
111 13
180 23
144 17
219 26
180 23
135 15
108 13
186 20
195 26
138 19
162 22
180 22
147 20
174 21
132 15
177 20
174 23
159 17
162 21
117 13
180 26
168 21
207 22
168 20
174 24
180 24
174 19
180 23
60 6
120 16
147 16
204 27
153 17
207 27
153 21
141 17
201 26
156 18
201 25
174 20
102 13
111 13
135 17
174 18
81 13
231 23
75 8
129 16
156 19
189 22
135 17
120 16
141 19
129 17
129 16
114 14
120 18
147 19
147 18
156 20
174 24
204 21
156 20
204 26
141 19
114 16
186 23
114 10
195 25
147 18
138 18
174 22
225 27
192 24
135 14
198 26
189 21
144 21
144 16
156 26
129 16
111 14
99 10
93 12
111 17
162 25
168 17
198 27
153 17
153 18
153 18
183 23
132 17
102 12
132 16
174 22
147 15
192 25
195 23
180 24
153 19
186 22
111 13
132 15
120 15
129 12
108 13
114 13
198 25
177 20
129 13
126 15
141 19
150 19
132 17
150 19
153 18
189 23
195 23
183 23
123 15
201 22
156 20
141 16
171 20
114 12
66 9
159 18
126 14
186 21
153 18
120 13
171 24
123 15
171 20
183 23
51 5
93 11
156 18
177 22
171 21
147 20
183 26
93 10
195 25
150 17
72 10
198 25
171 24
162 19
120 15
18 3
63 7
171 22
165 22
171 18
66 7
159 17
132 16
171 22
162 19
102 13
138 15
120 14
135 15
138 17
162 19
147 16
96 12
177 23
135 18
126 16
159 16
138 14
183 23
135 19
135 16
114 12
183 22
129 16
156 20
108 14
141 19
144 16
111 11
165 20
117 14
159 23
177 19
171 24
135 18
150 20
189 24
135 15
165 19
177 22
177 19
120 11
141 16
135 17
129 14
195 25
150 17
144 19
210 24
141 18
162 20
162 17
204 26
159 18
90 13
207 21
180 23
144 15
96 12
147 17
156 20
153 17
117 15
78 8
216 26
174 23
132 14
144 19
147 18
138 14
180 24
132 18
120 15
144 19
153 21
222 25
171 21
153 18
159 16
138 15
81 9
168 20
141 15
12 2
162 23
165 21
174 19
177 22
147 19
147 21
135 14
81 10
57 6
66 9
84 11
201 21
153 19
180 25
192 25
90 9
168 20
147 15
168 22
165 29
162 23
153 15
156 18
150 22
120 17
162 21
114 13
78 11
165 20
147 17
78 9
150 19
129 15
153 20
147 19
162 18
147 17
159 15
135 15
123 14
177 21
78 9
96 12
186 22
162 14
192 22
159 16
225 24
186 19
177 24
108 14
135 16
153 23
117 14
171 20
156 20
174 24
138 17
153 23
135 15
120 15
183 21
180 17
186 23
177 24
129 18
138 18
168 21
174 20
186 23
123 16
126 14
177 23
150 19
129 16
168 25
219 27
126 12
135 17
171 22
90 10
141 16
78 9
165 21
213 24
144 18
198 20
123 14
159 18
183 24
105 14
129 15
165 23
156 19
129 15
174 21
111 12
114 12
54 5
135 18
195 26
186 24
117 14
114 15
93 11
204 27
177 17
48 7
165 18
141 18
108 13
177 22
192 24
177 22
90 10
186 23
180 23
156 17
159 18
192 20
150 19
132 15
147 17
177 23
126 13
159 20
171 18
138 20
156 19
150 17
171 24
144 18
108 15
111 14
159 16
144 16
183 25
105 10
153 18
147 17
150 18
141 18
171 23
177 27
159 20
144 18
168 22
129 15
159 19
147 18
153 15
111 12
96 12
144 17
150 16
177 28
126 14
93 12
195 24
168 18
144 18
171 22
150 20
162 19
138 16
138 16
147 18
159 20
171 19
186 21
162 19
171 20
171 20
156 21
171 22
141 20
138 17
78 11
147 18
144 19
180 20
189 23
195 25
117 12
120 17
162 19
153 18
129 15
138 16
153 20
177 19
198 22
129 13
141 17
192 26
150 17
129 18
177 25
111 13
147 23
186 21
138 15
192 23
165 24
162 20
153 24
189 23
165 20
114 13
75 8
183 20
159 15
156 18
201 26
123 14
177 21
144 16
177 23
192 20
165 18
147 21
174 19
174 18
219 21
162 17
177 24
75 8
171 21
99 13
78 8
108 13
156 19
102 13
144 19
135 16
90 10
204 23
135 18
78 9
144 17
153 19
195 24
144 21
204 23
165 20
186 24
129 14
138 19
135 19
171 22
186 23
153 19
168 23
132 12
180 20
177 21
195 24
150 17
108 12
168 22
168 19
189 25
162 22
135 17
153 17
126 15
177 22
201 24
180 25
168 19
174 24
144 15
126 14
108 13
18 2
186 19
99 11
156 17
165 22
129 16
168 24
117 15
156 19
141 17
168 18
162 22
72 10
72 11
96 14
165 19
150 20
174 25
165 20
186 21
105 11
180 21
126 15
135 16
156 18
156 17
126 15
120 16
207 25
138 15
144 20
168 18
186 21
186 24
102 13
141 15
183 21
204 23
150 19
144 17
165 16
183 23
180 18
192 23
138 14
168 23
192 23
198 24
210 28
147 19
102 11
141 16
189 22
144 18
162 22
111 12
150 19
63 6
213 25
171 23
138 17
171 21
96 10
219 24
201 29
150 16
156 19
159 22
183 21
114 14
117 14
210 22
201 22
186 26
168 18
150 22
156 20
174 20
156 20
177 20
159 19
150 18
117 17
165 19
153 18
144 19
138 17
177 23
225 28
156 17
171 22
132 14
117 16
174 23
192 25
168 17
108 13
60 8
135 17
162 22
135 16
135 15
165 23
189 23
174 23
81 11
117 13
186 23
138 16
186 24
114 13
147 19
132 17
156 19
165 18
111 13
171 23
168 21
198 21
159 18
165 20
81 10
174 19
147 19
168 20
198 24
183 26
162 16
189 25
156 18
156 19
171 20
165 19
96 12
204 20
168 21
168 21
213 23
180 19
174 20
144 17
180 24
165 19
150 20
183 23
105 10
165 22
132 16
114 16
159 19
141 18
180 20
186 18
150 20
135 16
150 20
192 23
156 22
144 15
114 16
102 12
150 16
192 22
147 18
153 21
105 13
21 3
132 15
177 27
141 19
153 20
195 20
198 24
183 23
171 22
168 22
153 21
135 15
156 21
189 24
183 23
102 15
192 24
141 20
129 15
207 24
147 20
126 17
144 19
174 20
165 19
141 19
186 23
147 18
228 27
201 20
138 16
141 20
168 22
159 21
198 27
183 23
126 18
168 20
186 22
147 20
159 21
168 17
177 22
201 24
162 18
108 15
201 23
144 14
153 16
81 12
153 16
150 17
138 18
177 21
120 12
183 21
174 18
96 13
219 26
219 27
144 17
186 25
165 21
183 24
153 14
150 17
99 12
141 20
99 10
147 18
162 14
129 14
150 17
204 25
153 17
171 20
165 19
108 11
186 23
165 23
135 16
171 24
174 21
129 14
159 19
195 21
165 22
162 23
159 18
147 18
108 13
168 22
219 27
195 25
123 14
120 15
183 23
186 24
114 13
150 19
105 12
147 19
213 26
78 8
12 2
180 24
174 19
156 17
168 23
174 20
105 13
135 16
204 27
90 11
93 10
198 24
132 13
138 18
189 22
144 19
147 16
180 27
183 19
171 20
186 23
159 24
162 17
108 13
105 13
153 18
195 25
222 27
174 21
204 24
159 20
153 21
99 10
126 14
171 18
48 7
183 19
144 16
117 16
153 16
135 21
201 23
93 9
180 22
147 16
129 16
135 18
135 17
168 20
201 25
177 21
198 23
147 16
165 21
114 13
189 20
147 19
165 26
99 13
189 23
126 18
81 8
168 25
147 19
153 17
183 21
147 21
156 21
216 23
159 18
192 23
81 9
126 14
156 22
183 25
141 18
168 20
132 15
132 16
129 16
147 19
156 18
159 17
186 21
150 17
204 23
162 24
120 16
183 20
216 24
180 19
165 20
183 23
96 13
141 18
156 16
162 21
183 19
186 24
153 19
174 20
108 18
141 20
168 21
189 23
153 18
138 18
189 21
180 25
165 22
126 14
183 22
135 15
144 15
96 10
165 22
156 21
174 21
144 21
195 26
189 21
189 20
54 7
195 24
213 25
174 20
171 18
174 19
135 16
171 23
180 18
177 17
138 16
168 21
162 21
147 17
126 17
177 23
132 19
189 20
165 21
150 18
144 17
132 19
138 17
168 21
219 23
159 18
159 18
219 26
153 18
135 19
180 23
159 18
150 18
192 22
141 16
162 19
135 17
114 14
135 17
153 21
123 12
156 16
111 11
210 26
174 21
93 13
183 23
105 15
153 20
129 17
120 14
201 26
165 22
219 26
156 22
174 26
147 16
144 19
129 18
186 22
72 7
195 23
135 17
147 18
162 21
201 25
159 22
135 15
165 19
90 9
93 10
159 21
87 11
159 20
162 22
24 3
105 13
129 16
147 17
117 14
105 15
144 21
186 18
