2.078527
1.607218
0.192969
1.279964
0.671560
0.718417
1.587584
2.439561
0.821632
0.508602
0.850293
1.577535
0.812996
0.590281
0.952118
0.371771
1.024225
0.831879
1.676382
0.866672
1.567553
0.793636
0.716177
1.069477
1.704044
0.749483
1.051982
0.437342
0.837419
1.316858
2.305953
1.393932
1.922464
0.873724
0.824670
1.398392
1.411957
1.540182
0.654790
0.750075
0.832109
0.815593
0.361557
1.400354
0.521550
0.821988
2.168033
2.100340
0.341448
0.493457
1.185933
1.144831
0.827772
1.961199
0.272281
0.886581
0.497322
0.951171
1.510715
1.345516
1.135449
0.827018
1.303207
0.402327
1.642263
1.128973
1.109020
0.407671
1.565882
0.628697
1.050560
1.396738
1.278334
1.520386
1.016709
1.223330
1.254333
1.166096
1.419166
0.670386
0.502221
0.521725
0.661812
0.606953
0.702576
0.976589
0.726437
1.554957
0.936419
0.931801
0.761300
0.846491
1.649270
0.696751
1.059618
1.223153
0.770683
0.687755
1.500722
1.018545
0.859208
1.990534
1.596675
1.247041
0.980201
1.300723
0.671465
0.661033
0.539186
1.040451
1.015383
2.078297
0.840412
0.473106
1.298882
0.854173
0.488130
0.635537
1.250589
0.494043
1.709945
2.229907
0.649575
1.799582
1.249051
2.397467
0.471996
0.507842
1.543592
0.925070
1.113143
1.234223
0.750381
0.641581
0.599556
0.559180
0.382713
0.936142
1.100133
0.795885
1.364350
0.673891
0.519813
2.232670
2.174247
0.576189
0.630972
0.912135
0.625861
0.549104
0.582141
1.431515
1.014684
0.775493
2.916400
1.706434
0.857546
0.908019
0.506974
0.754896
0.583748
2.038458
0.521785
0.899433
1.467330
0.693500
0.328337
1.060645
1.281076
2.095958
0.811410
0.633755
0.805270
0.772147
2.031463
0.636546
1.835742
0.640321
0.442924
0.563869
1.313512
1.513148
1.089233
0.997558
1.390363
1.558420
1.231337
0.519777
0.812441
2.308517
1.355649
0.425438
0.533412
1.650979
0.844588
1.322960
0.697729
1.403013
1.016649
2.341656
1.439907
0.898139
2.139782
0.469069
0.573319
0.804069
1.038185
0.823094
0.568648
0.923014
0.473874
1.193741
0.886117
0.835695
0.777082
1.085965
0.641144
1.484368
1.179841
1.058500
0.898425
0.981481
0.974628
0.959735
1.416356
1.464909
0.313690
0.956442
0.583795
0.245194
0.451754
0.763184
0.900193
1.292533
1.836507
1.199831
1.013316
2.901610
0.586261
1.352364
0.698858
0.727277
1.139138
1.072221
0.640825
0.533370
1.519258
0.704126
0.821834
0.462541
1.260870
0.464825
0.430666
1.105277
2.422889
0.760765
1.329993
1.999758
0.915321
0.791302
0.941485
1.011103
1.562271
2.479657
1.557666
1.047673
2.829415
2.887809
2.112131
0.372733
0.997708
0.488192
0.271481
1.414881
0.889958
1.480460
0.322997
0.256620
0.670405
1.279218
1.810118
0.363319
1.119991
0.402358
0.582386
1.822446
0.971494
0.897623
2.561734
0.813405
0.779205
0.397205
0.984060
0.890893
0.900843
1.525409
1.867116
1.758731
0.681450
2.575393
1.528037
0.575484
1.018175
0.401987
0.743933
0.458757
0.556320
1.300570
1.676977
1.454204
1.299575
1.514891
0.696998
2.420459
0.562835
0.557931
0.564608
1.534562
1.323008
0.663441
1.461592
0.690691
0.540634
0.569703
1.855809
1.173272
0.743421
0.470142
0.771885
1.109731
0.655114
1.191026
1.276659
0.750829
0.448506
0.699183
0.829902
0.872515
1.372931
2.126807
1.546566
1.151111
0.298267
1.374186
0.586816
0.712142
0.729873
0.257971
1.342138
1.032022
0.704609
0.603281
0.633270
1.374745
2.347730
1.148190
1.936566
0.967459
0.749871
0.546892
1.384695
1.567212
2.552498
0.763489
0.565934
1.887757
1.086896
0.684852
2.049364
1.001375
0.695203
0.402166
1.593662
0.875773
0.757260
1.235940
1.456720
0.751017
1.170374
1.266343
0.723516
0.466486
1.401802
0.689029
1.043550
0.492686
0.922020
1.347676
1.075258
0.865908
1.121363
2.158131
0.626948
1.158087
1.144927
1.623720
0.960612
1.119570
0.658703
0.792425
1.765814
1.667319
0.667872
0.616666
1.270013
0.862664
0.907979
0.605230
0.713382
1.439133
2.102461
0.718044
1.134075
1.205024
0.329414
1.346400
0.919421
0.677968
1.019655
1.024132
0.726969
0.753801
0.840482
1.432041
1.137613
1.072831
1.241529
0.910563
0.756580
0.348792
1.002856
0.652066
1.168124
0.516703
1.600632
1.871436
0.991709
1.263215
1.219447
1.376799
0.965401
1.105280
1.640075
0.442848
0.977660
2.223109
0.734941
0.650550
0.679771
0.425631
1.318520
1.585549
1.525570
1.386156
0.650012
0.540507
1.173115
2.296586
0.484428
1.454126
1.478857
1.384004
0.651676
0.454720
0.522901
1.112430
2.055154
1.538555
0.809823
0.951071
0.560545
0.466152
2.516695
0.358307
0.674332
1.148599
0.773845
0.564478
0.743759
0.968863
0.675667
1.096584
0.610816
1.175610
2.181894
0.567698
1.057821
2.219298
1.280425
0.385554
1.657716
1.825515
0.604278
2.254372
0.555946
0.606747
2.882843
1.730060
0.572312
0.328415
1.737074
0.782394
0.669172
0.690430
0.941478
1.041706
0.442151
1.219045
0.680390
1.047620
0.551422
1.036430
0.706390
0.850783
1.031939
0.744613
0.622575
1.220578
0.591923
0.591393
0.935070
1.325863
1.582625
0.921744
0.618665
0.499120
1.172293
0.521431
0.811274
0.667419
1.000525
1.695647
2.954486
1.084947
0.906180
1.149027
1.260885
1.241240
0.417617
1.557770
1.664941
0.713952
0.836897
0.628764
1.832612
1.779974
1.330442
0.814073
0.417878
0.854764
0.661228
0.974520
2.407965
1.786212
0.839510
0.855857
1.365794
0.797285
1.381973
1.547789
0.910714
1.064923
0.928471
1.326614
0.665435
0.968070
1.340787
1.151047
1.327506
0.655416
1.148493
0.550034
0.494420
0.904441
1.080645
0.887181
0.870744
0.257115
0.964884
0.509085
0.806048
0.845086
1.034842
2.022606
0.590573
1.053606
0.550134
1.425986
1.277838
2.465759
0.682474
0.701752
0.753108
0.966263
2.359906
0.638804
0.324834
0.408824
2.393536
1.839470
0.630522
1.241743
0.989282
0.529832
0.566536
1.224228
1.192350
0.985218
1.000802
0.660441
0.843270
1.173087
1.185755
0.475405
1.235067
0.768778
0.972171
0.959414
0.560414
0.392774
0.471015
0.812861
0.951148
0.735446
0.550300
0.563987
0.661395
1.440173
1.329955
2.590558
0.836366
1.346163
1.761279
0.754593
0.916876
1.152663
0.545770
2.878179
0.626749
0.616184
2.171812
1.063969
1.121522
1.213237
1.095190
0.794777
0.931281
1.117455
1.335917
1.141931
0.520444
0.681859
0.512149
1.999598
0.471410
0.582336
0.428927
0.695207
0.522569
1.228366
1.607041
1.331189
0.717653
0.358279
1.254441
2.436167
0.620752
0.770204
0.795274
0.629067
0.778564
0.568850
0.700258
0.672207
0.783559
2.318537
0.408457
1.999684
0.897393
0.650563
1.251435
1.550297
1.636550
1.119911
0.607055
0.516600
1.303463
0.726990
0.398249
1.676124
0.465189
0.521655
2.572494
0.998481
0.465823
1.319350
1.289094
1.120788
2.954510
0.928548
0.784779
1.164507
0.483558
0.688746
0.893685
1.685921
0.442448
1.375905
0.431337
1.656651
0.692031
0.321974
1.261991
2.501141
0.728221
0.830603
0.799204
0.914908
1.853334
1.538678
0.793615
0.588152
0.841154
2.018288
0.894729
1.296013
0.784279
0.607242
1.138205
2.150452
0.813922
1.101619
0.313844
1.244364
0.638452
0.557227
0.416605
0.602821
1.767400
0.476604
0.964812
1.029117
1.294064
2.480577
1.140732
1.775970
1.422186
2.177329
1.462166
1.775882
1.291318
0.529667
1.402735
0.789823
0.707756
2.143336
0.475955
0.887520
0.529005
0.616366
1.066314
0.883597
1.178503
0.626077
2.416337
0.845942
1.504176
0.709404
1.281607
0.803839
0.458093
0.656160
1.238171
0.658260
1.111346
0.966894
0.539706
0.774607
1.295456
0.665923
1.106352
1.220945
1.318025
0.524362
0.651836
0.542988
0.682782
0.915879
0.881264
0.986582
0.270641
1.365008
0.734415
0.643264
0.512099
0.611187
0.429292
1.239744
1.677463
1.191117
0.527959
2.213245
2.522781
1.437042
0.741574
1.483116
1.521291
1.302798
0.967938
0.632935
0.481947
0.965273
2.146850
0.976004
0.939586
0.856891
0.766741
1.190198
0.996442
1.146222
0.626132
0.730702
0.382193
0.846282
1.886925
0.796209
1.500000
0.763009
0.536186
0.489384
0.680582
0.825298
0.980112
1.535383
1.558896
1.232685
0.970082
2.584926
0.526349
1.116313
1.317030
0.389136
0.782257
0.909326
2.643990
0.353935
0.789789
0.884934
0.707395
0.975050
1.122278
0.565018
1.384025
0.476501
1.091497
0.851515
2.537663
0.734803
1.526411
0.612048
1.123656
0.445236
1.573758
2.886971
0.415911
0.510026
1.249414
0.993368
0.680508
1.642718
0.410324
1.023084
0.547894
1.384054
1.449809
0.703747
0.663217
0.741357
0.989856
1.583101
0.699544
2.520422
0.470973
1.371749
0.657918
0.473286
1.029038
0.447565
1.309248
1.241970
0.644844
0.473976
0.691481
0.597143
0.720685
0.904588
1.448159
0.896682
0.529555
0.625982
0.812019
0.580793
1.246517
1.293082
0.587643
0.537261
1.671753
0.916005
0.520375
0.400706
0.937360
0.287106
2.148307
0.959041
1.828065
0.571657
0.987427
0.597406
0.561695
0.645802
0.776787
0.385212
0.996867
0.426031
2.365460
0.481414
0.738305
0.595310
1.053576
0.938778
0.924165
0.564847
0.845490
0.690482
0.614409
0.731224
1.777793
1.476746
1.485735
1.240030
1.070465
0.356828
0.635764
0.782881
0.901254
0.732677
2.350056
0.523461
0.566864
1.051978
0.701091
0.676340
1.062225
1.240323
0.614533
1.569190
0.503388
0.791842
0.804095
0.640228
0.967593
2.103030
1.034213
0.579899
1.352410
0.772403
2.155026
1.073325
0.723520
2.520910
0.685906
1.565568
0.938620
1.356588
1.806613
0.690422
0.407987
0.485630
1.385747
1.025448
0.605973
1.046557
1.598910
1.016340
2.425789
0.655692
1.187777
1.314666
0.894555
0.676806
0.562947
1.861365
1.276434
2.128271
0.923026
0.718667
1.013284
1.314319
1.598092
2.796218
1.071651
0.706180
1.512426
2.202931
1.140341
2.417500
0.786989
