760 4714 2247 405 1033 676 1366 4240 8 2 2447 315 2300 12 767 2425 77 4780 1069 15 68 
3059 5110 1122 429 1256 15 750 1566 2233 236 1310 2234 2671 2425 1 4237 3275 3318 809 4149 2646 12 569 2443 
4019 5239 1158 4137 1124 750 1304 29 
4782 2118 2665 23 825 3343 1138 339 2253 2908 1365 558 570 2229 4237 419 404 1069 7 12 4137 4475 3273 13 360 
2838 5261 2957 1157 2444 97 343 3427 405 81 17 1081 2425 1 1759 1689 409 70 
4572 2349 1850 1162 71 3475 1156 425 2234 1341 571 559 827 2482 4233 97 12 77 68 4772 2908 2229 
4504 3547 812 4253 2324 19 3 12 4137 869 457 2953 1122 13 41 1824 15 4772 
4021 1086 1039 4244 7 1306 4139 103 767 5071 1157 2 809 
4617 69 35 813 3360 1103 2656 2428 1789 103 4916 2667 603 22 1689 1125 2234 314 1477 15 750 3273 2447 77 1209 
1754 4945 2666 1044 284 4 4196 19 3326 4496 1528 98 3273 2686 767 569 314 73 365 2229 557 1 1304 1689 
1673 3126 1741 4904 3539 2 101 569 4572 1157 175 71 557 1689 420 7 13 
3883 1833 5271 770 1161 41 822 1623 29 1123 866 
4753 136 878 23 1443 14 4871 8 
765 2243 246 911 1391 5051 4475 2484 809 2253 1209 365 569 139 4137 
1507 4966 2460 4143 1044 459 2730 2431 15 1829 69 97 3427 29 365 4491 557 77 140 360 1122 19 2229 569 409 
5138 1230 688 2646 16 3325 6 7 4435 750 2234 1306 103 12 3280 2667 2229 767 
1216 3418 5250 763 1122 934 187 1086 599 420 360 1157 3286 767 1033 365 1304 2 175 
1849 1443 4549 4819 107 599 1074 2487 3427 767 1 457 68 4139 41 77 4233 866 
4476 2360 4314 315 2231 3273 18 4772 365 2651 4144 2492 110 767 2234 3322 1033 2667 314 1174 866 
1786 4923 3430 3138 2712 1241 1048 78 557 71 2434 1481 315 14 4565 2237 351 569 888 19 16 404 68 2443 
3653 1848 2600 767 1295 420 750 1306 4871 922 2646 2667 71 1 4475 4233 97 
2477 2970 3273 114 1241 2425 750 1066 2650 4772 4475 79 2233 2 8 2672 4244 68 3318 4137 314 569 1122 12 360 
4161 2718 4242 3660 4493 1262 87 599 420 2253 2425 41 1535 2443 750 2229 71 4772 97 2234 
4565 2822 914 4252 4783 94 2973 2425 1692 1122 181 3318 3273 99 1041 72 7 319 1719 2443 
5421 186 1514 523 48 1719 610 3278 1 316 2425 2 2667 2236 2652 68 77 779 29 2443 19 1689 3318 360 12 
3082 1497 4272 2769 902 607 326 33 4497 77 3442 1304 4871 809 1033 13 97 71 
1759 2312 1160 2528 1 1491 1529 820 2647 4721 3319 911 1689 409 97 2 569 2908 4772 3273 751 4137 365 1073 71 1033 2667 19 13 404 
3000 934 7 1231 1566 781 3430 2394 2651 4772 1189 1069 2492 1047 4233 2667 180 4137 569 4475 175 68 29 
4607 2144 2429 873 3324 4776 2667 404 3290 1304 756 29 2231 2646 419 2443 4233 314 
2866 5044 867 186 860 603 42 68 4475 77 12 1138 98 23 4137 750 
953 3119 2890 4256 1042 1728 425 1477 109 3278 4137 1122 373 5071 1262 3318 2 2234 1157 557 569 1493 7 
1073 3507 1123 5347 1720 2460 1618 1159 409 1689 319 404 2425 557 2229 4 569 139 
1727 497 1666 2987 561 1080 85 4144 4733 1125 368 3318 2900 4784 2234 576 3273 7 878 2229 
2259 2429 1635 572 1042 4819 1689 1759 410 3284 779 1180 4489 4333 15 2667 2443 140 139 1210 3318 83 2239 866 71 404 
86 994 3849 104 1895 365 2239 4592 2484 2 13 4772 19 1069 360 1033 1209 4233 
4208 1464 3796 890 30 4486 4903 7 2 4 
5284 2670 1214 2504 2237 1733 41 1125 2233 457 3306 405 1157 1073 2253 569 81 15 3318 13 1033 
4829 3451 145 222 4210 1168 1133 4733 314 1238 822 404 1037 1910 2237 139 457 315 2229 
485 101 2686 4609 1345 888 3461 1754 1641 14 68 7 80 2646 2908 4772 4233 71 2 2229 
2535 5427 1746 3276 1278 1073 3321 2651 83 71 569 1304 2 139 1689 97 2667 
3679 1076 1159 1414 1015 4663 1991 1138 10 4772 2254 2667 2234 4233 
2711 5144 3322 4269 1605 3275 2918 1392 15 2229 1209 4149 2428 557 315 12 2647 31 77 7 2234 
5402 3445 85 187 2243 1816 1210 176 1124 1103 1157 21 314 141 2668 2646 1689 29 
2514 1182 150 363 3321 2702 3306 5075 1310 1277 368 139 2229 404 4155 4233 
3811 809 4761 2243 1363 2425 1131 599 17 4772 2443 13 1209 20 
2607 2079 1063 4780 815 3387 227 3283 4137 374 1166 4475 1210 314 68 77 1304 2 4233 315 
5150 1319 4292 2074 2425 2231 2650 1162 415 77 2236 4137 1073 6 3318 2448 3274 69 779 71 2667 557 
1281 4923 384 2617 3427 460 333 2953 867 1741 4 569 140 2712 19 4565 1 560 77 409 1304 767 
1039 4074 1132 19 5264 70 71 809 866 767 97 750 
175 2490 4448 1367 3283 982 2241 557 153 69 1271 81 15 2672 4772 13 3318 404 569 180 4475 
1464 3250 1692 7 2672 54 23 139 809 143 4475 3277 5058 3318 2652 14 1492 404 1719 569 180 
4009 1071 1168 4475 4 29 1361 809 4773 866 7 4137 767 4233 
2943 1996 1195 2728 409 4475 4333 2467 1051 2425 2231 77 1069 3273 314 97 3322 557 1304 4772 404 2 
5557 1109 4 1220 8 77 1320 1128 13 1157 
2321 1757 525 2761 141 1567 2488 5222 15 3322 29 1692 767 1033 3277 19 12 13 139 4308 1122 
5423 1911 17 2241 2425 1493 1133 572 1075 3276 409 1161 1250 3340 2646 2443 557 175 1 180 360 
2417 3715 5075 1182 4137 404 1310 4233 409 2667 2646 
487 4880 4487 2566 194 878 767 3290 2672 1070 2253 175 2646 4233 1122 139 569 560 3318 
5057 1042 1261 22 4568 17 
3240 1034 2338 176 4238 4785 576 1861 3273 832 2712 4565 557 181 3318 140 404 
3721 4170 2722 325 1313 1136 2235 5076 1209 2 151 2230 4238 83 2253 29 1157 
4122 4244 4772 4144 15 1070 124 14 4475 767 19 1035 750 
3460 1772 984 2755 1696 410 5360 15 4 1069 1161 404 1033 97 314 77 19 1122 
156 519 4448 410 2732 2555 769 1162 3432 4772 9 71 809 405 97 4 1122 4491 29 750 
2161 2727 4944 902 2427 2229 1277 3431 68 2463 77 1072 4475 314 19 4137 13 
3579 1046 2913 4871 2280 1736 453 279 1122 599 856 4504 97 4244 315 314 77 1157 1689 
941 2063 1033 4342 3639 1160 1415 4524 156 15 750 409 2656 767 404 2667 8 2482 2234 19 4772 13 
4964 4477 2004 2716 3445 2243 1270 2295 4137 109 1174 15 29 809 12 
2233 890 5022 1203 1594 2738 168 4605 109 175 380 750 2234 1719 814 463 1689 569 
4710 2445 2233 3276 569 2237 4779 316 750 2427 2667 3318 2646 4233 
1393 875 3295 1495 2237 4237 20 85 4496 2427 3320 103 2443 4154 1719 2667 2293 569 4772 560 315 2646 1 2229 13 
3323 2182 5381 3284 1192 767 582 832 7 74 2711 315 2436 866 4 
437 1524 4580 12 463 1874 606 114 3387 79 4906 2443 5 3278 1122 2234 2253 750 1477 68 1069 2665 1304 809 
3853 5078 457 1816 196 360 315 768 139 1157 2234 2445 4235 2434 1689 1122 4137 7 314 
4621 2513 407 1069 461 1211 1322 2235 4244 3387 1159 809 141 2656 4776 68 1477 599 409 12 750 41 13 1492 3273 77 
4194 2686 1544 78 3658 2484 2655 576 15 73 68 1079 878 101 4903 4486 2229 319 140 29 557 361 1 365 12 
2332 2681 4334 2246 3276 83 3325 413 4827 71 101 1719 460 2425 4486 17 2647 1689 360 
2530 2117 1365 3040 890 404 1126 125 3322 4333 1069 750 3273 4772 557 2667 2646 4486 1033 1 409 
4729 1232 10 3503 463 1123 1170 750 2595 336 373 1069 4827 2 315 12 68 4137 314 
367 3093 5071 2426 1627 3318 4233 109 948 3278 2710 569 1861 2649 1304 1170 557 404 315 41 2237 4137 
3512 1890 2595 5252 468 380 809 97 39 1123 2947 4 1334 1033 175 
3995 1108 1325 77 4491 4139 4240 69 4772 767 13 15 1209 
731 1154 2957 3609 4486 4137 4780 15 121 12 4233 750 13 19 1161 767 2253 
2007 2300 4835 2238 87 3326 819 4484 2434 3274 4140 557 4233 12 365 2646 15 1079 2667 866 1157 71 404 360 319 97 1033 
1345 2312 1750 4159 2933 19 3 4491 1079 1125 5009 1689 2755 1033 1492 13 768 3318 140 750 98 2443 
4285 2102 1343 316 4773 2712 3359 4491 2425 3278 1035 2447 1122 4143 1239 7 404 809 2234 
2465 3273 1360 2909 1833 1161 3340 4144 4721 1566 2665 1240 4781 560 23 2229 1122 767 314 409 72 569 117 360 750 
4825 4661 36 3280 625 23 1034 2710 3318 12 1160 13 2646 756 2239 4233 1079 1122 
1750 346 3377 22 1216 2649 4253 405 16 4636 866 4779 2684 750 1126 1692 2425 1320 2233 3273 12 
2865 1919 4494 562 571 5009 779 94 1 1126 2947 2 2443 1157 12 3318 360 4137 15 
3995 4237 13 23 1407 5076 41 750 809 29 12 3 117 4137 866 
2131 4665 315 2964 3318 832 569 2710 409 365 1159 3276 29 2234 2253 4772 1123 4233 314 2425 
3674 4906 1164 404 97 2445 360 4144 2667 15 409 2425 1138 2646 12 7 71 4475 2 750 1304 
2372 1524 4930 347 13 4475 3455 4158 866 2937 2722 314 1270 2234 750 71 41 315 7 809 
3327 1414 4739 54 4163 1741 3280 2667 2240 881 4 1157 23 457 1123 811 767 4772 1033 175 13 2649 12 1689 7 557 
3021 4481 315 3283 4290 2425 2232 2 1145 3325 19 373 409 1087 866 1157 2683 13 71 557 314 569 4871 
4828 251 2298 1874 2232 1528 2896 1327 599 360 779 19 3319 4240 409 13 17 2236 4475 4137 1477 3274 
3520 2437 1154 2947 4142 680 2443 1304 98 4237 4475 12 809 71 4772 2234 29 1157 15 
1482 2459 464 4576 2729 4326 1498 1167 1358 557 18 772 2 176 2426 13 315 360 4772 365 19 2372 404 866 
3806 4567 4238 1571 2425 19 2239 1108 2253 70 1270 4779 77 360 368 2443 41 140 314 866 
4258 1607 1318 1743 2280 2435 77 2667 4883 1122 2459 44 2646 3273 1158 866 750 1035 4475 70 315 1209 3320 557 404 809 71 
1511 1080 3369 1042 674 4491 4776 1305 2755 1209 4235 1477 79 809 4 2300 1157 68 2443 2425 4137 12 3273 
2710 2427 1987 4435 938 767 570 2651 3321 40 3276 5071 365 3 314 2234 1477 2229 750 41 
1072 1519 873 3460 4733 4137 219 2917 822 1745 2668 77 97 2655 409 767 2229 2234 68 1122 1689 314 71 4772 
5398 1685 2646 365 570 2482 83 3318 3275 139 2672 557 2230 1824 19 404 140 2234 13 
4262 4700 930 1308 81 2427 420 3318 2908 772 43 1174 750 71 3274 2443 13 4772 68 315 365 97 
3136 2116 707 890 80 68 4144 3343 2425 3283 750 98 1074 4903 71 2229 1122 4475 
2001 2231 2279 2507 4551 1034 4149 83 570 71 98 3320 2683 326 809 1174 3277 4237 1271 2646 12 314 41 4772 750 
1142 1683 4491 139 3654 4142 4242 1160 2434 2234 1209 2727 410 83 2443 314 365 767 1 408 109 1069 2253 140 4772 
2992 81 2337 2756 1264 2450 5250 3273 97 1196 826 15 409 362 12 888 3319 404 2425 1304 7 1477 365 557 68 
4180 2244 3684 4780 2717 1271 4284 1087 19 13 767 1033 809 1304 4475 1157 71 
3669 1429 2484 4776 1720 751 4496 2650 869 809 1188 2234 77 4 69 4137 557 1689 569 409 1492 2229 15 2667 4233 
951 2522 75 29 2250 590 3290 7 405 361 3 5223 78 19 1122 97 2667 185 15 557 3318 1033 4233 2646 
5271 834 890 1174 3287 1852 1033 25 2460 3361 1477 1 4 68 117 7 139 1493 2672 315 1124 569 457 
5184 3539 315 420 866 4333 360 557 809 314 569 365 
3843 4939 159 1085 1061 2493 768 4476 73 99 68 2237 809 19 8 2232 1304 4137 180 12 866 
4016 9 1168 4903 1361 29 83 4486 888 4139 21 
2542 5086 2937 1178 1138 77 1304 4284 75 1721 321 315 2728 365 139 314 3275 1689 15 866 4144 180 3318 1492 
4414 2065 3286 603 147 175 21 3387 97 3 5071 319 2443 17 425 750 1174 767 1033 2234 180 71 139 
2518 496 4667 1270 3432 164 1186 2293 4772 15 425 2229 12 2234 4235 767 2908 77 2 866 
5626 365 360 69 200 119 1077 843 873 1124 412 772 175 71 599 41 13 
2736 4553 1695 5011 2453 164 3319 79 41 1492 314 1166 2239 12 2319 22 750 319 1069 569 71 175 4137 
2323 252 793 4338 3290 5090 3327 2658 130 425 1202 2234 2425 1767 2667 
4818 1322 2658 4433 2688 335 316 3318 1 19 2253 1103 14 2 420 3280 2443 4486 68 
5533 50 1039 29 1551 1088 9 1477 78 1188 140 1824 97 71 68 139 1304 
3816 5222 2436 1036 457 2382 1188 1069 2448 8 767 2 4233 
1334 313 3016 914 843 2656 5076 3343 4233 1122 2304 410 1157 2425 3273 4137 
4684 3329 2433 148 856 1264 2908 1753 4244 98 750 571 405 139 1122 71 4772 3275 1033 319 
5136 2903 3323 3044 557 134 1071 570 373 779 3278 1 314 4137 409 1033 404 4233 
5635 220 455 128 832 315 557 1035 152 866 1069 314 457 569 767 
3478 1508 1875 1071 3100 83 4476 4333 4772 2243 2494 1 768 1477 1037 809 1334 866 4 
1658 889 2557 409 1841 5157 404 4 18 124 4137 814 599 180 4235 1138 457 13 19 1174 3340 2646 3273 
2773 1123 5460 23 1072 3273 126 3326 1033 13 405 2 1157 12 2425 
4696 2454 9 1109 911 175 1122 4819 19 4 4233 1363 3427 73 2425 365 1689 97 1 
525 1261 4840 4357 3446 421 1188 2647 1033 2372 218 922 2234 41 2668 4475 2 85 
5435 1670 26 3445 71 2756 1176 41 315 420 1033 1304 314 97 
19 5188 29 1787 185 1402 1064 2710 525 3323 78 599 360 4233 867 316 365 2 7 404 69 4144 409 13 15 1157 
2955 41 4481 3479 247 2175 1085 4149 1034 610 2379 4903 13 19 2229 2443 809 767 2425 1122 7 68 29 
1709 4776 2292 3344 360 4153 314 114 1741 1304 2650 4477 3278 4 1157 2429 2908 4233 809 1033 
1387 4672 526 3431 4926 1211 2295 1069 30 2482 70 2908 20 316 77 
3464 1571 202 4606 1238 2667 409 97 822 4253 83 4772 1160 2232 1122 2234 29 866 2959 71 1719 314 1 315 2646 
5365 2649 2061 2710 3427 314 1193 809 1246 2429 2234 2232 71 570 419 1304 68 
4697 849 4965 1138 3280 3331 36 1719 
1302 2655 4258 5225 3429 1493 1341 2667 569 1728 314 410 2429 2457 2908 750 2229 319 
882 109 5456 3540 1366 566 18 9 83 409 1079 856 569 
841 1315 1841 4955 571 3321 2686 1566 4579 85 2427 32 180 1 2232 457 97 3283 557 2443 2253 
4132 753 4573 607 326 83 315 104 63 420 4 4779 314 2 4233 
4943 873 1565 2890 4189 558 756 1481 140 3324 139 4486 373 409 3276 2229 1689 1719 
2694 4140 523 4524 5039 1210 2233 1188 146 1079 1033 420 19 809 2647 71 360 888 77 7 139 13 315 29 
1737 4779 2914 1277 3476 4284 2544 4164 890 1160 242 104 4475 30 2 1689 457 1304 
3378 1253 894 316 4481 4284 2079 68 4772 2712 559 1 2425 1157 809 12 2229 19 145 77 404 3273 2234 1310 97 139 409 15 4137 
5509 1379 1280 79 474 2908 68 12 41 
102 5014 4567 1220 2650 1518 2254 2684 1085 1719 460 1304 1 809 1122 2908 139 2229 71 1482 314 1157 
1196 5224 2716 3430 1698 103 569 1212 4308 157 420 2443 175 2434 557 1353 1719 2234 7 809 13 180 19 
4332 426 750 21 1190 1494 5145 2229 99 4155 71 77 2728 2234 139 1033 12 68 
3980 4340 1404 71 78 68 1161 4475 1122 97 4772 
4738 2585 11 353 878 1069 2300 87 3274 1209 1170 3320 4871 360 2646 2667 41 
153 1306 4673 3362 4799 775 17 406 2444 569 78 866 1073 809 2253 97 19 3280 750 409 68 557 4233 360 
2722 5383 1663 111 2426 1836 2236 2444 1 1157 3318 20 13 557 569 1304 1122 3273 77 2229 360 
3076 5132 3558 750 265 1305 4143 922 4233 4 1209 
675 4918 2749 4609 1122 3323 2232 5 3273 2948 1033 2482 1824 1157 409 
1487 384 3114 4872 809 1785 768 2672 4233 3285 460 1157 1 1261 3322 2457 19 335 2 1689 4475 1033 2434 68 
4624 627 4821 3461 4252 13 1 277 1759 1551 23 2652 2234 750 117 2229 2667 68 1157 
766 856 4200 1087 1141 1827 3359 72 2900 15 5071 866 3273 2229 1159 2234 4233 
4288 1895 1323 582 2530 251 2722 4143 1492 1264 3273 320 5071 1037 2908 3318 557 77 68 750 2 866 1477 
2735 1637 2439 4259 1072 4572 3325 570 2961 73 19 4783 2 97 3273 140 1719 562 365 1033 2234 
2224 2240 3035 4149 404 72 4233 83 97 13 5072 2482 3277 2646 3342 319 23 373 809 
2055 4233 2698 941 4776 1193 3318 759 315 2443 1304 71 2426 420 3278 4551 4137 2646 68 1209 
3520 4722 2948 4193 1369 2528 4 420 4773 599 1126 12 103 15 866 1033 2 319 
1580 5033 2656 411 2316 45 1364 319 7 4486 83 405 4139 2683 1069 
5433 1201 2757 75 3432 1689 2482 1477 79 139 19 97 1 360 365 175 1033 
1910 952 3344 1273 524 1580 3300 13 5256 4 2253 2647 2 1161 180 557 41 68 77 2232 71 360 
5253 3912 1109 1123 1577 1751 13 767 750 1689 4 175 12 19 29 15 
1921 4958 2552 602 1036 337 145 452 4198 4486 16 12 3474 751 1122 
1341 2870 4802 1072 809 16 4244 14 2485 3638 71 1126 4565 117 599 19 68 750 
4773 1478 1896 4762 3448 2960 1035 1076 2675 415 404 1209 68 2229 2647 2234 77 41 140 
504 1658 4476 4271 1391 3362 2723 2460 2429 3275 97 2230 78 809 4772 767 68 4137 569 19 1 315 
1417 4360 1841 3388 2382 2658 780 1188 3273 4486 192 2449 2428 1069 4780 314 12 3 13 139 
5297 2289 2673 2240 1464 41 3282 335 1493 33 2908 3318 2443 571 2 7 404 2646 15 
3876 2090 15 1252 109 69 856 1123 878 1069 4 4565 4233 1304 4772 77 
5103 2 1688 2229 2382 363 3363 1132 21 2671 404 2482 1079 3283 4338 1209 315 557 68 
2088 604 3064 2757 5238 3442 1251 81 1362 4 7 70 4137 29 809 
5036 1270 913 2334 2229 4565 1517 2712 2234 1304 457 
5543 1180 1041 72 1690 1122 44 77 13 1209 16 68 1304 
4672 19 1737 810 3639 1422 57 97 18 4922 404 1157 750 1138 409 2253 13 2425 71 77 68 7 2443 
2624 1190 4492 2724 16 1033 2961 4772 4235 1566 2 3427 156 767 809 569 103 4137 557 
2215 4944 588 2253 3340 351 3285 2458 2231 1033 4491 4143 1 2425 
3103 2027 1313 602 3442 4904 12 419 2755 1185 4143 15 866 4475 408 83 
277 4838 945 2484 4510 2246 79 510 3430 38 2319 1174 404 2672 19 97 1250 2646 4137 4233 
4195 3782 485 1564 576 2443 1825 4906 97 2 2239 12 1477 557 4475 71 404 4 16 750 2425 
2922 825 1346 1817 4342 768 2767 2297 21 3442 97 866 4475 1122 4787 71 1157 
4501 62 3446 336 1261 4947 2295 468 404 4139 2229 2647 409 1793 315 97 175 1689 69 1304 767 2683 
3661 4285 1111 4496 957 2246 1492 2648 168 409 315 1209 404 4871 2443 2667 1122 2425 
5028 1458 879 697 23 2229 1477 2293 1492 4475 13 1069 767 12 2646 2234 2667 7 4137 
2085 4948 2434 1307 652 4478 89 2647 408 2316 2669 97 175 2 185 17 2237 4144 2443 1069 3273 365 3318 71 
923 1503 3272 5103 2443 1069 4333 4 21 3273 573 71 1157 3318 1048 559 1122 1477 2425 
2776 5076 113 785 353 2293 365 1224 2429 1528 314 41 4313 409 873 1157 3273 19 408 13 3318 4137 2443 569 
1212 96 3591 4240 2953 1334 2300 4149 4776 468 1503 1737 17 97 1033 750 4475 
4630 793 215 560 2229 576 2953 2714 1759 365 3442 360 1069 1501 2234 866 4240 1689 4772 1477 
5063 2018 2761 1304 1160 3282 1252 4475 2443 1122 98 3318 569 1 71 365 767 1069 
1614 377 4606 2957 78 404 582 1910 4235 3540 856 315 409 333 558 13 1174 4780 1122 19 
2997 757 3285 1541 4916 3325 360 1071 4565 1477 922 2229 2426 2686 412 2254 569 13 767 19 365 
5526 3 1157 1103 2278 10 1122 
1566 714 3273 1354 4756 126 2300 1253 4824 3318 2683 1873 21 15 2656 2425 12 2443 
558 4178 4783 857 3345 1072 3078 4233 2425 2656 419 2 582 3273 315 404 360 7 866 4475 
2690 3660 902 5071 2304 2648 1143 1506 1069 2482 146 2229 4137 569 175 71 97 560 824 4233 
4037 1046 5222 73 1174 15 1209 117 4237 1122 68 19 12 
3453 858 2340 4787 360 4551 1129 476 7 1170 50 2674 4235 4137 2233 1069 15 2234 1209 1719 365 2646 12 866 
1513 3054 4333 628 1754 3273 117 10 2482 2776 4491 1273 181 1033 1689 4779 19 15 3318 1304 
1058 560 1698 3897 4248 380 814 1754 4484 4139 1270 409 569 4772 
4483 3994 1044 81 1 1321 1261 4772 809 4233 13 4137 767 10 68 866 15 
3128 4506 751 2710 1263 3440 105 22 4261 2425 1036 30 140 4144 866 4772 1157 77 1122 68 2646 
5139 2760 3038 3282 3327 4334 15 97 1209 71 81 68 1304 
2968 632 4302 1202 812 2776 29 866 4580 3318 1 3280 2 750 4772 1492 7 2443 
2199 794 5532 315 452 922 558 1123 569 
5533 2075 1263 1324 39 1159 81 68 
2661 3281 1568 193 4342 947 1824 3318 319 21 176 2235 1270 569 1363 4820 97 419 2710 83 71 1033 4475 
804 2739 1873 4607 1210 3276 4942 3318 1069 2229 557 576 1037 2425 2443 83 71 1122 97 866 2234 1304 
4060 1085 5238 1258 68 97 4144 71 
2385 4233 3508 1126 1076 181 972 103 2445 2427 83 2987 41 139 2230 1477 4871 1160 1719 29 4475 175 1033 
5150 3530 2595 750 1112 4137 315 4237 1188 321 365 314 7 360 
360 4528 4941 1074 3505 53 2494 77 4137 315 2239 12 15 420 314 97 13 71 365 68 2908 1033 750 
3959 1163 53 4721 99 1253 1122 1073 750 767 4144 77 4772 866 1304 
854 3675 1155 888 458 2671 4903 2427 315 2443 1209 4137 4475 2646 314 
1838 2236 2278 1320 5490 1141 1216 1503 1069 2674 410 888 3359 19 559 323 7 2 1157 175 843 15 1477 2443 
3067 4383 1105 2667 3447 426 1270 2652 4491 13 1363 2 12 4779 1 2239 175 74 
4122 4343 71 83 17 4780 4475 101 13 809 
1441 4398 3279 5149 2444 1131 2428 68 2236 13 360 23 3340 4 2288 2646 409 1069 12 77 569 
385 8 4887 332 2083 874 809 2243 1036 4484 2425 2710 1353 2651 1124 750 140 4233 569 3273 3318 1209 139 
4574 2557 257 2938 1991 3484 1157 2260 4237 88 4772 1286 12 866 
4915 3696 431 478 115 2239 4528 1209 180 603 750 2646 2667 4137 1304 1719 1689 
5144 3365 1295 3286 403 4155 2237 922 4256 2674 1304 2443 560 1492 
377 921 441 3706 2848 42 1224 16 4494 4333 12 4772 1161 13 557 19 1304 569 
990 1304 2755 4531 2485 1093 45 3321 1873 4308 1037 3274 4871 569 1122 315 29 560 
169 5549 664 316 789 1277 420 922 29 1492 
2109 4737 373 2948 2428 1034 13 2667 3432 20 881 12 4871 2656 2237 315 15 314 2443 
4489 4939 3328 428 141 1086 770 2391 3282 866 4142 1250 12 2667 365 103 7 2909 41 569 15 2646 
79 1296 1848 688 97 4587 3409 4773 70 2434 890 19 3273 145 71 12 4240 139 1304 1492 1 2646 
496 2036 2712 2484 1471 454 4435 5071 25 2238 3277 5 9 3318 866 809 2229 
5612 125 1162 12 19 1069 13 1033 7 
442 902 2903 3273 1122 1598 12 1861 2234 3025 2233 4772 4137 3318 83 571 4233 4476 71 15 19 1033 1157 97 809 360 
4881 3793 83 2528 314 50 1261 1306 6 772 368 1122 809 360 4233 2253 4475 
3924 4772 4233 878 4143 809 180 1719 4475 
787 1393 2434 2987 2448 2288 2671 314 4592 1227 560 809 2237 21 3283 4780 319 360 44 4233 1719 3318 315 
2105 4835 860 2403 360 1082 2443 21 4233 34 2712 3318 750 558 571 4565 1 3273 866 103 1033 2425 315 
5518 894 585 753 2425 1254 77 1371 101 416 2233 1150 809 2443 405 2379 360 4 15 
2040 5159 2244 774 124 3328 558 4 2668 1 14 15 1276 2665 1157 4236 569 360 4137 19 365 1069 3273 
2360 1872 2428 1326 3441 4237 1033 373 4773 2447 1159 16 4565 2667 2925 2646 12 
138 5210 1425 354 366 953 680 362 4345 1069 
3215 2657 1181 4244 2485 4476 3342 2 856 3273 557 4137 7 315 4772 2234 
1174 2313 2652 2245 2710 1506 1327 4943 4149 3322 4475 1124 17 1719 175 360 365 1 809 41 557 1033 3273 750 7 2425 4 1689 
2309 1513 582 5148 1861 2484 1311 1157 2242 1 20 1477 1047 13 420 922 4333 3318 68 1122 557 97 2646 3273 2667 71 180 
1830 635 4217 69 1505 1280 457 2689 42 2646 176 809 3273 4773 1069 1363 4233 4524 2434 73 3325 767 
4851 2239 557 409 2444 4237 571 3275 3318 2426 4137 404 750 2646 4475 809 2667 
3309 1028 1464 4721 2702 2229 3318 2482 4871 1719 41 
5538 62 1157 1362 23 97 12 1209 1033 83 1732 
1773 3889 1191 1311 892 4500 4772 558 590 12 1689 1072 4333 1033 29 360 750 13 404 
950 602 324 4272 409 1432 2242 4137 87 2278 2482 3797 404 1157 140 175 97 5071 180 12 71 139 
1319 2742 3253 1051 2 1736 1212 4345 5072 809 83 866 3273 4 3318 315 314 72 15 7 1689 
3584 214 63 1481 1071 3034 457 1 1037 878 1873 4 4871 4237 19 809 1122 1492 15 4475 
5612 106 89 7 1033 1157 1069 
4684 373 43 4927 847 119 1353 12 1211 3647 2425 1033 73 175 68 1157 180 1122 140 29 2443 
5565 1393 1213 79 45 12 68 
2009 74 60 2262 1345 4576 4947 2434 3427 2728 2457 475 1033 767 1069 1 1157 
5087 3443 1399 2756 4234 319 1829 4189 1492 767 559 180 2908 365 1209 750 140 569 
5350 2386 176 87 321 3319 2493 106 2649 3276 1745 1033 1122 9 180 2671 1695 2229 1069 314 
4926 3435 463 890 1128 435 2460 1037 1492 180 4496 1072 2229 2646 2953 360 2671 103 1209 175 1 2425 13 4137 
4516 576 2292 3012 911 101 1217 2445 3280 15 750 72 180 2755 83 315 4137 4772 29 175 13 9 3318 404 314 1 4233 
3951 4913 4568 77 1036 1407 99 12 13 19 1122 
1360 417 4259 3539 4595 83 2285 1166 21 2957 4773 32 1122 404 373 1719 569 12 314 557 15 
1106 2313 4263 46 2712 1566 32 767 2536 2919 180 5074 3322 4137 77 420 13 1384 557 175 3273 
5150 2814 1036 140 3445 1365 1534 23 13 1264 117 8 4333 768 1689 12 1719 29 750 71 68 
3125 5116 1140 426 2651 1158 571 1072 750 2231 2457 1551 4143 2667 3280 140 3318 4233 
1416 183 4551 2457 789 1873 4289 361 3277 1500 1139 3322 1477 2426 2668 4871 409 2646 1069 866 23 404 365 2229 
400 4615 1313 1176 809 3696 4235 2238 1033 557 1125 1824 404 1240 83 4772 2712 2229 409 
5457 1305 2232 2 2236 2443 2425 314 1157 13 557 71 1079 97 19 2646 569 3275 2672 3319 
3716 2830 4875 1048 80 4723 19 1157 1071 12 1122 71 
3545 4559 4254 10 767 117 4772 1159 1034 73 4139 69 
3918 1695 176 888 1767 192 4903 4475 4137 809 750 
2765 10 4748 866 432 259 819 3 3325 79 68 103 4772 767 4137 3280 19 750 
2707 3656 4240 1304 1209 32 102 779 2494 1069 2229 1 15 405 4491 1188 2646 71 1033 77 4137 13 4772 41 
5527 2295 1 1122 1160 1073 2 319 
1186 5290 661 2723 330 2528 3427 68 3025 316 1431 81 13 1690 2 29 
21 2846 2499 1311 1069 3273 1873 4948 1 4154 3320 12 4486 1122 360 2 15 
2220 5532 768 413 476 373 314 319 878 404 809 180 557 569 
1073 2279 5123 3493 2528 1163 4137 2960 339 1045 12 1122 569 922 420 15 1 4233 557 
2668 1670 1354 4410 5101 482 2651 756 2434 809 27 409 571 3375 888 404 3275 2234 1033 314 1157 
513 1747 453 1311 1642 3562 5143 2947 314 229 856 101 557 4 315 4342 12 750 569 1689 15 
1532 1343 2460 1867 5221 3274 2935 7 19 2650 3318 1033 1157 4 410 4233 1478 2425 2667 97 29 77 814 2229 1209 13 
3658 2746 1144 2404 31 4724 367 4776 1246 360 103 809 2444 4137 314 866 2425 
3294 1121 536 2692 7 1292 2428 5143 2447 3320 1304 557 360 4333 2230 315 4 1719 2646 569 
1454 3964 5239 21 1 750 1033 1069 2 4137 83 
2853 451 5238 1240 3432 107 1158 2909 1304 4144 1736 365 360 2425 1689 2443 2 
2224 921 5071 380 70 81 2460 3778 4138 2233 4240 2425 72 97 576 404 15 
1281 5347 302 2722 356 1369 3465 569 2236 1492 1072 2229 557 2334 360 
1324 151 1730 2660 4953 1164 360 1122 4587 20 2459 1047 2668 750 2425 1261 1692 3320 557 12 15 3273 68 1492 
5346 1944 2689 2665 409 560 2304 83 1538 17 2443 584 3427 360 143 139 29 316 2229 
404 5051 983 1272 151 125 2 599 373 1162 1358 2528 4524 14 216 314 410 4137 19 
4331 1194 18 4202 1304 404 2235 409 2229 1033 922 2647 21 41 2667 4475 4772 
2035 4153 1370 2924 5071 180 8 752 2427 2671 3283 1264 4288 175 3319 767 2457 314 2229 1033 
5597 767 134 1197 380 151 832 478 180 4 29 1069 866 
715 3014 4333 2705 922 110 1069 85 1041 3273 767 4475 2665 3318 1 2229 2443 750 4772 1209 
2840 3655 890 1036 1261 2507 4137 1 1128 4904 83 4475 1161 13 12 15 
5519 452 2375 837 124 226 2482 866 10 2234 15 314 767 570 1 12 
3464 4545 1373 4776 1210 1729 762 87 922 1033 420 2909 18 71 4233 1069 1122 97 4137 
1548 1837 4556 2233 588 4240 1231 1072 4775 3320 2712 361 3274 1477 2482 315 1310 4137 79 888 1124 2234 404 29 
773 3039 2770 110 1875 4773 4503 4240 68 1362 3427 1047 569 1 4149 2482 41 12 557 
4604 3284 2595 520 1125 1166 890 2674 73 4233 557 404 419 2957 1304 3319 19 4772 
1657 655 4189 176 36 2961 3427 4486 1755 779 2890 2234 366 409 4787 4244 2231 14 71 99 19 1138 404 
5015 1523 2241 1074 4526 1270 2954 4141 1339 2727 44 15 1477 175 13 866 12 7 809 
2825 5195 1128 4144 464 117 1072 1255 1161 769 15 360 12 365 4244 71 599 750 13 1304 68 
1044 3343 469 5287 1215 2429 3295 81 2662 5 1087 573 1384 360 420 315 68 
960 1272 2285 1623 1689 3427 558 2443 15 56 2722 4873 333 13 360 570 1304 2236 101 4233 4475 2434 1719 77 12 2908 
1637 4625 1346 1888 2911 3280 809 2443 3323 472 2712 1033 888 750 2229 4233 2 13 4772 71 
4481 3405 382 2229 1132 4772 1033 103 7 3285 1071 1440 4410 2425 2234 866 809 1 2443 68 767 
2342 4873 1 4475 167 2534 1428 4311 2712 3432 1689 98 15 14 878 1719 420 71 767 1122 19 
3922 181 19 56 1407 4776 822 1103 4137 77 1157 1122 97 13 4244 1719 7 4475 15 12 
4409 2672 3306 2230 2460 365 560 3318 4772 2425 4475 570 360 
3490 3072 1654 182 2505 1233 20 1160 316 4787 2239 14 4475 4137 175 1719 4233 15 
1337 2919 4633 4281 1177 3283 77 2232 3323 2443 109 2429 750 2667 4772 576 15 
4267 4625 2495 1337 1033 1150 1572 2650 58 4827 105 832 139 2683 1 409 1157 83 3278 3318 
2773 4620 1818 4911 3442 118 316 1129 1689 71 404 139 25 1035 1304 409 68 2908 
903 560 4939 1416 3292 4490 2659 1105 3342 2234 151 16 20 2482 4137 315 365 314 
3429 1377 4928 2354 2434 1126 420 1044 74 599 2457 472 17 13 4 77 315 2712 4137 4475 314 2908 1 
1968 433 2958 2675 3278 1136 1036 2234 164 606 4286 4137 77 4772 29 2425 3318 2443 4475 2646 809 
4436 1656 1868 1047 109 141 576 2444 1124 2656 3274 4779 52 4475 12 3318 2683 404 1363 557 373 2425 866 15 68 139 
3345 4978 345 4198 374 405 822 3278 1037 1069 409 68 1122 599 315 2646 78 4475 2425 1157 
575 3276 3343 4274 1657 4194 5148 1335 15 2230 1157 1122 2651 1 12 1033 315 360 2425 750 866 409 
3744 1250 99 5239 2793 4137 1125 139 1157 73 19 8 1069 140 315 2239 1566 750 29 314 2 12 
5506 3025 487 
3548 1499 36 1733 5061 1353 1477 2296 750 21 1692 1188 1 4475 810 1209 
742 2188 4721 3286 890 4873 40 3373 750 1123 2710 809 
4278 3785 1358 955 2438 569 4566 1213 4 41 2443 15 12 560 1157 4772 2237 461 1122 13 
4801 3151 233 2776 20 888 602 4486 408 1072 2443 83 1492 1033 3321 4137 2425 4233 365 1126 13 3273 
1824 4614 1471 902 2758 4819 3282 2443 1506 3320 569 5 1477 175 4233 
2831 4852 582 1104 366 1218 37 4139 4244 4475 361 97 1384 2429 71 15 856 77 2443 
2616 1219 511 4883 3 1776 3476 68 1166 1304 29 750 1689 767 1132 420 599 1069 4475 4233 1477 
4375 1402 3234 45 576 2394 3283 1069 19 560 83 1033 4779 29 3340 1690 1 1122 1157 7 866 4475 13 
3373 361 1631 4786 425 6 109 2430 68 571 1874 4571 2229 1261 2712 77 3273 767 2443 4233 180 1033 
3427 666 1452 5367 2891 117 1689 2232 315 1497 15 351 1477 1079 1719 1 409 2234 139 71 1033 
5572 1138 3 1311 73 81 15 97 68 4 1157 12 1069 
144 4502 3564 1729 3052 856 1374 139 61 4922 101 1069 4137 83 1492 750 1122 
1463 353 5301 476 3483 3028 2242 1 139 1033 2425 1477 2443 314 
795 2510 413 125 3842 4395 14 867 2233 4475 314 4772 16 1122 2234 809 180 19 404 569 
980 2672 201 4496 1295 17 603 2657 3318 1841 97 2910 4903 2235 4137 13 3280 2319 81 139 74 2443 1492 
3632 4240 1126 4484 2959 77 4137 473 1157 1210 68 4772 866 750 
1306 4620 2250 1736 3320 15 576 559 1051 216 14 81 2665 47 71 1188 2908 2668 4 4772 405 4233 68 3273 1689 2443 97 
4706 83 1124 571 3279 99 410 14 360 4903 3340 1036 2428 1069 888 71 1161 19 2234 2443 1 2646 
5334 27 373 2722 152 1166 3324 1860 470 78 1528 2233 3280 2948 2443 1477 314 
4953 3526 2604 28 218 404 1103 576 151 4475 52 750 1122 1157 557 4137 4 
1053 2692 1870 899 3298 419 4138 2484 408 1451 750 2646 4233 4475 4772 599 71 98 809 3318 
3122 2057 4665 843 3322 1212 21 2482 368 1157 7 4 4772 68 409 1122 77 4233 3273 2667 2234 
5020 2379 328 2675 751 148 1209 1477 410 2908 4489 2232 314 2646 1033 1122 4137 
3826 5144 2493 922 409 2234 4233 404 2229 4137 
1965 3284 2949 5071 16 774 2687 2436 77 569 878 1518 4288 68 12 2443 1124 3320 4137 1161 
4044 660 54 4334 281 420 1157 4780 351 1272 4486 12 71 1070 315 99 
1053 3328 5222 1895 2650 4233 365 102 3025 1491 460 2675 557 330 576 314 2231 2425 1209 3273 71 315 767 2234 1069 
3770 848 132 4679 4233 4772 5 47 888 180 
1614 2930 869 4287 2737 82 4799 2443 571 2434 4568 360 13 103 68 1270 558 3323 29 315 1069 3273 
1754 741 1125 4237 4845 1306 2890 822 4491 1216 2 2239 16 12 7 4137 1695 1033 1492 3318 13 3273 19 
5325 97 2661 1151 3340 338 2443 3274 410 1034 2428 7 2953 71 569 19 2236 13 
4225 84 3543 4475 1159 26 779 1069 71 4903 1033 1126 97 809 
4514 3114 1040 35 1845 1233 4773 4234 3476 4149 569 319 1157 404 767 2429 1069 2239 2443 409 
5477 576 3323 2444 2657 360 2429 2671 5 1157 3273 1069 
4249 2906 72 3318 4195 62 2908 2229 101 15 779 4475 2234 13 83 4772 3273 
847 3278 2936 1753 4772 1669 5 911 2698 41 4565 1692 2445 69 7 3318 1069 569 1033 2425 79 2646 71 4233 1304 29 140 
4980 782 2544 4196 3494 233 1567 1122 1161 12 814 1035 4475 29 15 1069 
4699 4828 1757 23 3333 3280 72 767 97 1 1304 41 13 4233 360 1033 557 
1417 2387 1105 4340 5102 3290 2230 2427 599 2667 409 365 1188 12 3325 460 2 1 2646 404 
2825 2932 4773 1211 1879 4153 360 1069 3435 365 4721 68 71 767 809 117 1033 2425 2443 1 
3538 1528 4145 774 198 4783 1481 380 4270 1069 2234 1033 4551 2443 139 2229 2425 
726 4657 3387 1181 2234 1122 822 3278 68 2443 767 866 4772 1033 2425 79 12 4233 2646 
4216 2910 4268 4489 109 360 1122 12 571 77 4 2425 15 1377 4772 3318 68 3273 557 2443 866 
3075 1918 5252 430 3343 571 103 1123 360 3277 922 2229 1209 1477 2646 1159 1492 2425 
812 226 3795 4792 4138 2334 4237 2528 1272 314 1162 878 1306 368 12 1033 360 4475 1492 1069 
1796 3828 1422 2482 767 5281 576 750 55 404 557 175 1033 103 922 2229 68 2234 77 139 1069 
674 1612 2716 5238 3749 46 2243 2304 809 17 6 29 1122 1157 4137 
3340 284 5264 3306 1149 1218 2490 2232 2145 356 2253 576 457 557 2234 
3229 1739 2506 1123 4777 4366 2728 420 1035 810 599 4491 3427 7 1492 750 29 1157 
3814 775 2274 2234 40 4240 4872 2485 1122 4 1 314 2232 412 1033 1263 140 569 557 2 4475 
4769 866 4772 
2333 166 3324 4825 2721 1998 4237 72 2429 409 2443 23 4149 97 351 4475 3278 404 13 750 
1553 3628 890 183 1719 750 4137 4551 1374 471 73 1072 1 4772 809 19 1122 4233 
3294 1128 4414 1777 365 2229 3340 561 789 13 569 176 105 1157 2237 1477 1070 77 2444 5071 2425 4 68 2646 
286 834 1171 3270 5294 1151 888 661 2482 1209 3318 3274 410 17 1304 1492 404 
1341 3100 3320 2484 2006 4568 560 2238 4776 125 2667 1157 3273 13 2649 1042 4244 2229 19 325 409 1069 
5196 428 1143 68 814 888 54 4428 1367 97 750 140 71 19 1069 14 1209 
2059 3536 2541 473 4481 4829 1190 380 29 809 41 68 4137 77 4233 
3553 1477 4277 1361 1157 325 822 183 3035 767 152 1209 1069 4475 103 4772 32 4137 41 
5607 127 12 1157 1122 13 15 19 
4184 2532 560 258 519 856 4297 4820 576 2712 4475 99 1209 1122 3427 1170 12 71 1069 750 
2954 4275 3319 4593 616 142 2646 362 2319 2710 1138 2239 365 457 3273 4776 2425 2 1209 139 
1974 2908 3319 2429 822 4616 2674 2445 2656 4903 351 3273 2234 404 409 360 140 1492 
862 5107 631 2776 1402 4333 2425 750 1033 5 19 866 3375 15 52 1150 97 2 3273 77 2253 1492 
1952 902 814 2458 3488 2425 4625 4772 29 2908 1361 180 360 2230 19 12 4235 4 13 1492 15 1157 
3670 4904 1367 2775 1817 1080 892 12 77 2482 4137 15 373 1689 4475 68 
1231 1954 5254 433 3340 1500 52 3025 4 2528 569 3273 1188 365 564 2646 8 77 175 1304 68 1033 
3474 2412 1211 1859 24 13 72 319 4345 5072 316 652 29 1304 2427 1103 2908 97 41 83 2443 365 
196 3495 3040 4574 1736 103 1157 610 1593 767 9 2457 866 139 1122 4772 4233 2425 1306 2229 1689 
2417 3003 3342 2491 4333 1157 926 750 1069 3283 560 4776 41 4475 2 
1693 4533 476 2711 9 2959 1174 4240 3284 2428 557 1148 14 1719 315 569 16 41 3318 4137 2234 4772 19 4 2229 
1789 5010 180 1266 2659 4161 506 165 3319 2457 2959 599 19 4484 2667 98 409 1125 1689 360 13 15 77 71 365 
4235 3525 1209 2953 362 4779 368 82 1103 4491 2278 2239 2443 319 4143 2425 68 1123 46 13 
736 4393 2304 3540 750 7 105 1122 1358 1158 4484 4772 2908 
2738 1498 8 4196 2230 4253 3712 13 1125 330 4497 17 2235 101 2 809 4772 29 71 1157 
40 4798 2774 3036 4488 74 4237 3273 2504 1566 1034 2 4139 1082 1157 599 97 3318 77 
1282 3280 2469 1502 4755 3362 1743 19 1372 2647 2668 557 404 1477 319 4780 97 2229 1689 360 
930 5532 523 1711 12 560 19 77 2 1174 374 314 409 767 68 29 1 750 570 71 1719 1304 13 
4329 1131 1567 2649 2236 1250 228 19 1316 4525 1071 4139 1157 7 2233 2667 569 97 4780 
3309 1811 71 2395 199 1066 572 565 4345 23 4773 3321 1069 2710 404 4491 14 2425 97 29 139 2 
1384 3390 652 1614 4266 405 2229 360 1211 824 4137 4475 2253 2482 2646 2237 3273 866 117 1079 71 4772 19 
4068 883 421 857 4342 1133 603 1171 316 25 5071 103 41 
5229 429 2236 1104 1330 1270 360 1492 32 19 2710 85 1157 3273 2651 1695 3318 97 4233 809 2425 1719 73 2229 569 41 7 
2279 2783 34 3369 1051 1292 74 98 4340 325 315 3281 19 2447 4772 4475 1304 41 77 1069 
2320 2229 3808 1212 1039 2450 2237 1133 101 1174 5254 9 560 2425 
581 2564 4143 3078 1975 814 559 3427 873 314 4721 2667 1157 4772 750 2652 1069 404 
283 4568 1240 2721 2448 105 1608 4910 3073 558 3437 29 2229 2234 1123 330 2425 315 
4422 1563 2649 1072 3323 9 1746 2911 767 2447 314 750 1122 4475 1034 4772 570 3273 2667 365 
1032 4988 3440 1384 2304 2443 2425 1033 4475 2667 1069 4137 2646 
4971 8 2278 2483 1209 368 3483 1370 1737 73 2 4572 83 41 1641 2229 19 360 314 2234 97 
2556 2296 5088 1166 1261 1836 52 2667 2927 3427 13 404 12 4149 1123 2 4240 2651 409 79 71 569 
2986 279 1719 2239 117 3282 3341 4922 2652 4148 767 2253 420 314 4491 2448 1492 23 
1782 1247 2246 99 4591 2285 3474 809 4831 2443 4 77 2427 404 4256 139 12 409 1126 21 68 315 1157 365 314 
1393 398 750 4780 2115 3237 2722 2229 4475 83 4195 767 3273 2234 4 4233 3318 
1719 4642 427 1269 4308 2665 101 4788 569 809 3275 1157 365 3 73 2667 1122 2443 1334 2233 3323 140 
3247 4813 822 108 3508 4233 54 1069 4149 4475 1033 1188 4 
3410 1551 123 164 5256 809 2427 769 2656 1689 405 71 1477 13 866 1363 3273 1122 557 1719 12 750 
1521 2729 326 925 2377 3320 471 1719 4903 4551 1371 2427 1122 12 2 1 3277 2238 4143 7 750 409 1689 73 2444 314 1069 
4165 4302 2936 2564 2647 3341 86 1150 4491 1170 58 3273 610 71 360 20 4772 809 13 
3613 5390 1086 890 750 818 1122 2 319 
474 4349 192 2957 2458 757 3278 2253 2650 4794 314 12 557 2667 139 79 4475 1501 1304 3321 360 1477 41 569 2425 68 
4974 1269 2500 1365 380 2673 4496 3427 2379 4143 77 29 1123 866 404 2229 1492 15 2646 
4742 4799 1156 117 26 3441 145 2671 2425 866 2649 68 216 1551 71 4139 404 139 409 2443 1477 
3560 4387 3082 4776 532 14 878 10 15 1304 4475 19 809 1209 
3940 873 1131 1266 338 4146 4475 71 4238 602 22 404 419 4772 360 1157 1330 750 97 
2620 2959 338 4335 3493 1862 4486 29 4780 1188 1033 21 41 
1811 4819 3431 539 48 1191 2649 4286 2230 14 4139 77 2674 315 922 2445 74 557 1689 2425 4475 1477 2234 1033 1069 97 
1251 2959 844 3327 2282 1993 4491 1125 330 1071 4233 4137 180 3277 4772 2229 768 77 2425 1157 2234 29 2712 97 71 360 68 
2775 4309 140 1849 1174 4780 4496 457 1305 69 809 3327 4137 117 71 23 2425 3275 41 1492 2 139 557 2253 767 
2008 3340 476 4551 408 2241 1103 772 2425 1387 1209 2293 2447 19 557 4233 4137 866 3283 569 4772 13 365 750 17 
1785 912 4734 330 4883 2897 71 99 1353 90 141 3278 457 2234 314 750 1478 7 404 1689 3321 1170 12 315 
4284 1788 3277 466 100 364 70 2890 2959 3320 569 779 410 4779 4587 2239 19 12 1689 1033 1157 77 404 866 71 1209 
75 4288 3706 429 1188 1619 772 99 81 1306 4 4565 2688 2646 4772 873 559 1069 8 2229 750 
1460 5143 3378 3284 4184 342 2673 2434 856 1071 560 101 2234 15 180 315 77 750 4233 175 
1312 5256 2779 762 2286 1689 1215 1158 3679 1124 888 1492 1728 19 404 409 77 97 68 809 
2123 516 1306 5148 2447 2235 4344 2437 3474 603 1158 7 405 779 12 1033 68 
2666 892 1902 3025 74 4775 1308 2237 2444 1158 1033 3278 1594 475 4144 558 2 571 7 2667 4475 3318 4233 1122 
284 5518 2497 315 2253 1139 1071 2243 374 881 1440 809 314 767 7 
3411 768 1862 1278 180 41 2656 97 2426 4491 1163 557 4139 408 4233 1304 4779 3273 83 15 7 1566 71 29 
2030 1307 4143 2774 3041 3282 4475 569 822 4911 3320 1044 7 12 15 866 2443 
579 2971 115 878 4200 2666 3325 1719 2229 180 809 4237 3274 15 69 4475 1689 2667 457 1033 140 4772 557 1122 2234 77 
3100 2782 4906 1036 606 39 3325 46 68 1365 809 1732 457 4137 19 97 3273 1 1069 4475 1689 77 750 2425 
4102 4334 809 4772 1158 4491 
5311 3498 822 2463 193 459 867 2953 2425 39 314 139 103 767 1069 4 1304 2231 2 
4726 2475 126 3296 3342 562 3 1188 2232 1478 4871 1036 2426 12 750 1069 13 15 2646 866 19 
3583 936 4792 3073 117 767 4363 74 1161 3 4475 750 
3799 1462 4149 4243 2429 4787 752 2443 2243 2295 569 1719 105 4475 4 
2960 3348 4341 1153 1251 140 2657 5143 187 41 557 1719 360 3280 12 15 1157 1492 
4385 610 81 1448 2914 4476 71 365 774 2231 1481 3274 2665 1122 97 2253 70 3323 2443 2667 4772 4 315 
5014 4191 1165 1535 2960 809 117 15 2757 1478 146 1069 468 19 4475 1210 13 1 1033 1719 
4502 3133 1720 337 366 818 570 3343 1123 1551 4922 73 1079 97 3273 2 2649 2429 2230 12 139 1033 15 421 767 4139 19 7 
1716 3478 993 5143 83 2493 404 2237 2908 97 4233 1719 71 2229 4137 
2682 3301 1909 569 8 2295 899 4476 2646 2235 1323 4137 373 2443 809 4903 557 3318 1157 2229 
1905 2492 4740 14 58 4155 1519 314 4780 3433 99 1188 365 750 2646 315 2238 19 139 2233 360 71 2667 
2694 1377 40 4565 4953 3431 1277 166 319 2372 1689 6 98 558 2425 2444 750 1 2646 71 360 41 1719 
2194 4755 459 2712 558 3298 319 570 1157 2457 360 866 409 404 3318 4772 365 2425 
947 4531 714 1042 3749 4333 12 74 2656 79 21 97 1122 2683 4772 1157 
2846 35 1824 4345 3457 2947 458 1088 1209 4484 17 4779 750 
917 1833 4677 1213 4942 1363 1623 3273 41 69 79 3318 2443 1122 2425 
2375 1116 2962 5288 2443 2237 3322 3280 1210 404 878 2668 1166 767 314 83 1689 809 71 2646 1122 373 
5071 4074 1107 4143 125 750 1122 866 4240 1161 
3061 2724 811 1923 2486 1252 867 1477 779 2240 46 68 1070 4137 3432 1534 5071 71 4 77 12 4233 
3771 541 557 1035 5081 12 452 109 570 2379 79 4333 2229 2646 68 767 1304 2667 1 314 750 
4699 911 1873 2930 217 1358 2443 4903 101 571 15 3273 12 13 8 71 2425 3318 
3076 1336 126 4785 1693 4568 2672 1573 3323 3280 404 15 2229 2646 602 2443 19 1210 13 1719 767 12 4233 
4561 602 2236 2434 4904 2722 360 4137 3427 2443 866 
4151 1445 210 4278 3428 584 4524 139 2232 41 559 1122 2710 2234 409 1033 2646 4819 2425 175 
3871 1486 983 1320 1719 1528 577 1163 1033 1224 557 408 4233 4475 15 4787 175 1072 314 4137 14 
2412 1323 3381 4491 4137 84 22 356 557 175 1 1122 779 2712 1266 5009 1689 1157 809 7 41 360 
2687 1039 4526 1848 2947 1304 759 365 2658 4871 4252 3276 3322 1122 50 2482 1492 1477 314 1157 
2726 4401 3448 3116 1126 1157 4772 4491 1209 21 2230 315 41 4 809 2234 
717 3505 5283 1185 81 856 15 2437 866 14 1122 1719 750 74 97 2234 2908 4 2443 
2599 1073 1833 945 1294 1593 2650 4942 470 1033 3322 557 1306 3273 77 4137 97 409 4475 2667 180 
970 2201 680 4551 68 50 2710 2425 2234 1041 4871 105 4233 2229 1071 2253 3318 3273 1 2646 77 
2834 3688 4565 4258 1125 878 41 4772 1719 1209 1304 1033 180 809 
2378 1177 955 1501 68 46 323 2236 425 119 4772 2667 2959 3280 4584 360 569 3325 4233 2652 71 2 1719 
5146 1459 2911 3319 77 809 4137 15 1069 69 3275 2671 314 97 4 73 866 2646 19 4233 
2950 2508 4542 4271 1145 2237 4137 375 4772 2 3273 2229 2253 3318 404 809 1209 1157 767 29 
3827 5058 2434 373 356 809 2234 2253 4475 2443 
3406 193 5075 610 88 2536 3283 4333 46 324 457 29 175 139 2253 12 4 
1613 3836 1447 767 71 4139 1728 175 2242 2425 866 4233 1123 1689 5071 2443 83 809 314 315 97 
1797 5222 3098 3274 603 410 4253 44 1481 2482 2755 1689 3318 1304 139 404 7 
291 5350 3318 2445 1948 409 405 68 78 2234 3273 2669 1174 2300 1492 2646 2231 2429 1033 21 569 2 
2665 1848 533 1157 2236 1051 4350 1608 5159 3273 1150 602 2231 2443 3340 4 
3673 928 93 1334 409 569 2484 365 461 4484 1157 4772 97 71 4235 1138 2650 557 13 4137 360 2667 41 
1556 3181 1108 4755 1160 362 571 2229 3452 2722 1122 83 7 2235 15 175 866 4772 12 557 1477 
47 4208 421 1103 460 1304 4903 3318 1125 18 101 866 3283 4486 68 599 2957 71 77 767 2667 1157 
4075 117 4574 20 4233 1174 4776 15 1126 4 866 
5164 4404 325 611 2671 3283 314 2239 468 13 68 19 315 3325 922 2427 1209 97 77 
3698 2809 779 4922 218 1170 1736 4149 1320 3 1122 4486 
266 4904 2259 2221 2240 3322 457 419 29 557 3275 4572 15 2646 2428 2443 2667 19 2908 
1505 332 1003 5101 3025 4233 2711 1422 151 77 4137 2229 1477 74 2425 1151 175 570 3427 1158 97 1033 2646 2234 
2701 350 1669 3453 4333 945 1157 2649 1069 1033 2991 557 4772 4475 2229 
5376 602 1491 1279 40 3323 68 3280 1831 2737 4 2443 2231 1158 1069 365 71 1492 41 
1464 3643 4163 4258 147 353 47 809 2667 180 2391 314 562 751 4491 1719 1 29 15 2665 4772 2448 12 
4208 4910 2948 119 3321 1122 1310 1036 557 457 74 404 12 3273 2728 4486 30 13 569 2 
3825 622 794 380 4195 8 2457 4475 2229 4 4233 866 2 2425 4772 
415 3359 5122 811 1428 2891 14 80 2285 2246 872 41 405 4137 1188 102 68 4233 3273 
4049 73 5254 1123 1105 20 85 1209 97 41 
4112 417 185 81 4140 71 404 29 1066 571 559 12 471 176 13 7 5071 15 314 866 1122 68 4233 
2072 4739 4 949 2240 3505 576 492 1163 408 1 2425 4772 2443 14 1103 4137 365 557 
2009 1213 1367 883 2391 44 2447 99 4233 3280 2 4144 368 1138 2651 405 569 2908 71 4772 68 4475 77 767 1069 19 360 3318 2667 
4952 4684 31 1233 352 3277 1105 3320 1384 17 13 410 2443 360 822 1689 404 1720 19 2425 569 
5285 2435 3365 1132 1250 1305 2458 2287 21 31 599 2673 1079 319 3283 71 15 140 404 1157 
606 4148 3897 5133 1212 157 472 1080 767 77 425 13 74 4244 180 1 1033 
2544 10 233 1640 2305 5021 380 4137 1377 493 4491 2646 809 41 1033 2667 2 
1096 3034 2733 1492 3442 368 4908 809 559 1923 1477 4565 1138 2230 2238 750 
4212 2942 1311 5074 5 3432 768 2427 1069 180 1252 4256 1122 1719 2443 29 1157 365 
2540 4488 1491 1087 22 3503 1557 4922 2947 12 4189 1719 1157 750 79 74 5 767 
1454 697 4595 3286 17 3340 2987 1070 4233 2457 752 2295 21 1719 809 4772 2 
5382 1414 2486 3274 1949 610 15 1161 1503 2756 3318 1125 41 12 315 
4236 257 1308 944 2233 1736 4845 420 4210 373 87 3461 41 71 314 3 1157 570 1033 97 2234 1122 1209 4475 
4992 2557 2674 2262 3273 4140 420 12 1261 1126 1041 3318 13 2651 1157 809 4 4475 
3272 2429 5110 771 3275 10 3318 97 4233 4170 22 1138 365 569 1 866 71 2443 750 
2374 3408 878 2234 2426 315 4779 365 557 4333 3283 772 2443 360 4475 
2941 1292 571 4814 9 2229 3427 2789 41 4139 1353 2237 4486 2427 767 1036 30 557 2443 404 19 13 4233 
1923 1500 932 2544 1216 4524 1141 2925 4139 767 1087 3283 2668 1477 4772 319 71 12 15 314 3318 4233 2 
1976 3582 2261 4904 109 1480 1124 2908 68 1033 4484 1161 873 180 77 4137 1069 
4091 1109 109 5071 16 4338 4 1159 83 750 767 29 12 
339 4583 2632 1034 25 1366 4825 3428 1073 2 2721 750 4233 29 1122 
835 4261 3073 27 2483 1126 2764 4780 1551 473 1478 404 1310 83 3428 140 4143 409 4475 1157 
156 3496 4348 4509 2604 4840 21 809 463 15 41 
1359 3178 3486 2531 4153 103 4476 1555 767 1746 809 4233 1 4772 
604 2251 1199 4721 3778 767 2286 1693 756 809 1759 4137 2425 7 2447 866 101 404 1033 4772 
1532 694 5044 958 32 4580 42 2239 2253 1477 2667 71 1033 2646 97 7 
2637 4756 3789 1103 1159 8 4776 1125 
4847 3541 1150 4566 78 576 16 561 1157 365 4235 315 68 12 922 1033 
265 2137 5344 1060 2683 635 9 2425 73 750 2372 2646 4 3427 12 767 866 1363 2443 809 68 
5153 429 4288 73 478 3282 2776 1842 77 3325 99 68 12 4149 19 365 569 1492 
4694 4772 1887 314 3325 420 4308 3280 315 1246 29 809 1304 
2500 1539 3000 165 2650 4290 4155 79 3429 47 411 1174 756 866 2683 2229 314 4772 1209 4475 
5448 690 234 767 165 1312 750 2239 2896 77 1 15 3318 21 3273 866 809 
2010 3158 2445 3275 5254 83 599 2684 2647 1197 2434 4 3318 404 1069 
2238 2214 4152 2232 3300 4475 2444 2295 558 373 2667 4772 4233 409 4 2646 3318 
1483 990 1430 561 1789 2444 4137 4903 2239 1692 3290 1 409 2671 2425 1124 2646 569 3318 2253 4475 
395 4779 73 2232 1202 1312 4248 4587 3706 557 1492 569 68 750 2237 180 2646 101 175 2667 1209 77 2253 2 767 
604 4180 3030 4725 487 1231 3286 2667 411 2457 405 3318 15 866 4772 1122 77 1363 12 
846 2213 4237 2239 3427 569 2445 557 2295 5148 2425 4149 459 2667 2649 
3881 809 1866 1553 878 10 4871 1189 767 1310 1033 4496 4233 139 
4623 268 1861 83 3361 406 2482 315 2229 2674 1368 1551 2237 1477 3273 5 2646 557 4779 4235 71 97 360 
3229 48 4278 4776 1124 1033 2483 4478 603 1158 404 2728 866 97 809 13 1069 4137 3273 71 3321 29 19 1304 
827 1184 1402 4541 565 339 3298 4776 316 2447 56 2234 1824 4244 2425 404 3318 19 17 4137 571 1138 13 
5172 1612 635 4137 1353 1122 63 68 1159 3283 750 2229 2457 2425 1209 4233 10 767 2667 71 3318 
828 3684 894 2730 1174 2399 4354 109 4792 1138 325 29 1304 4475 
2655 5109 3330 72 2667 4234 1277 31 3277 789 4137 2908 2372 2237 15 1086 315 140 362 1492 97 2425 
4432 1894 3290 569 5071 85 2430 2445 360 3318 809 866 
5245 3428 2492 599 1040 365 2683 4 74 4137 1188 1087 2656 360 809 1 77 
394 1988 2673 4570 873 2650 4845 73 33 7 3323 557 101 1482 41 79 2229 767 3280 569 2 4233 2443 
159 3724 2691 2270 4243 1139 102 2650 1492 2230 71 559 4149 315 1304 180 4475 41 69 4772 15 13 1157 409 1209 750 
5109 2603 404 1437 3321 1572 3273 599 4334 17 2712 68 457 77 139 2908 
5110 839 2284 2555 2713 1125 911 4162 1252 571 3431 4308 7 1 
1726 4959 574 796 3323 405 4170 1035 1161 2429 71 2667 1209 2649 2372 5 2447 3273 97 1122 21 1689 4475 315 866 139 1069 
3540 4765 135 1891 365 1361 409 1573 316 560 750 569 360 4772 1209 
2040 4836 1133 911 2372 4489 3274 2448 12 1073 1 19 2234 365 73 2665 3321 4333 2668 99 404 1157 
2392 1316 4592 1861 4821 1253 3447 109 4240 866 1123 315 216 420 29 2712 7 457 779 2 314 1157 
1323 77 4479 3307 1251 4776 2338 569 4272 409 2528 1190 2 3320 462 866 4144 404 68 41 2668 557 
4019 4723 4874 1306 
5288 1265 3483 538 83 2242 7 3112 750 856 97 314 1122 1164 2 73 866 2482 315 1033 1689 19 
2173 2896 899 4308 572 2382 3278 4486 3319 559 4871 756 405 
4036 1137 117 4565 1039 1209 70 71 2 4233 58 1069 4772 1157 779 19 
1316 5161 176 1540 3477 2482 1742 4233 98 19 576 4143 13 750 1689 557 2234 71 404 2229 1157 1477 
2308 4878 1128 2667 3323 1374 3277 5 1073 14 4233 68 314 584 2443 15 2434 77 408 41 2908 4475 809 103 409 2646 767 315 
2345 4835 2459 2666 1075 4137 945 216 1033 12 1874 368 53 3318 2229 457 4475 4233 314 103 15 2667 3277 
2884 5267 58 25 175 167 3302 3328 1477 419 351 404 97 569 71 1517 315 180 
4813 1244 3553 3085 1310 923 750 4475 4333 97 72 4 15 7 
3598 774 4911 1131 1210 4605 13 1035 322 2947 15 7 809 750 1304 19 
1650 1722 3126 105 3323 4783 2897 560 1690 68 3278 4475 13 4143 4240 81 569 1069 409 866 
3489 1994 314 378 3239 5074 146 4189 1122 750 1033 4233 15 767 315 77 1069 139 1157 
171 3445 4819 4428 1924 409 1122 480 1074 809 1209 404 4484 319 866 71 750 97 315 314 1033 13 
1554 5224 47 2522 356 180 569 3642 1 2656 1125 2683 4233 19 1477 404 13 409 1033 809 557 
1218 2676 1733 5268 2494 2657 1307 79 175 1035 3294 360 2234 409 68 1069 1478 3320 2253 12 
1657 852 2240 3133 5071 19 408 1073 2665 14 2 2672 1 4233 3277 1148 4137 1824 3327 71 15 97 
2999 3326 406 4244 1107 4679 1552 2429 139 360 41 809 365 750 569 4776 1304 3273 
848 1405 774 4670 4803 3300 8 1072 3318 117 2295 2 373 599 71 12 4233 2443 68 1122 13 
3480 4593 2460 1270 4780 1071 78 459 409 2954 74 4264 2232 97 2429 1304 569 1033 
1312 762 475 4935 611 365 73 2437 4551 23 181 68 3323 360 3283 4155 12 1209 2710 1 809 
5173 4350 302 3278 8 2674 559 3325 4 405 866 1069 1188 353 2 457 409 2665 1033 365 809 2234 
2555 1055 3431 750 3100 4873 1719 58 523 2739 19 4486 69 73 4 1689 77 569 559 767 4244 365 314 315 1069 
5454 5 2892 105 3440 2 1368 1069 1122 1037 316 569 557 
1586 1272 1041 4830 4236 2795 380 3334 576 97 481 888 12 1160 560 2425 4486 1069 71 4137 3273 16 77 
106 959 1281 5071 3304 2692 564 1363 3327 21 68 29 1736 4284 410 78 2656 4137 
5357 1076 577 1036 3275 562 2795 104 1124 77 3318 2428 314 68 1157 2443 
4747 3539 1153 360 12 4149 4772 98 558 569 1170 1 15 420 365 315 750 71 
3913 1486 767 4 1692 4333 1103 822 1492 1188 25 1719 4780 4475 2 
5044 30 2288 786 922 1276 316 333 4667 365 2238 557 21 78 420 1033 17 360 2229 
4863 2787 97 4565 1313 809 4284 71 2 756 1069 767 
2736 5088 1910 3244 2 3319 79 2231 4146 1165 2234 1069 3274 69 365 4233 866 
657 3440 2721 1218 4794 4345 1072 4491 3113 1566 750 404 68 409 2482 2 1033 809 77 
561 3340 1063 2953 2468 4162 1270 4486 177 48 4772 20 1306 1689 3286 471 1069 576 866 180 79 4233 1719 
2391 4973 4509 442 3448 13 1082 2646 81 1363 4144 1122 767 2 457 69 1250 750 2667 15 
3590 3081 205 5221 577 1080 4233 810 560 81 314 1501 1210 1304 360 1122 29 1719 97 15 
4900 1444 20 4252 99 69 767 4475 13 77 71 1122 
5370 3611 1172 1210 74 81 1122 1071 29 
2655 3099 1736 4345 3428 2448 557 822 4789 198 2231 4 41 419 2425 866 2234 1 2667 1492 1033 2 1304 4475 
1046 1734 4588 4300 432 2667 3282 4819 1188 899 2448 2234 1498 1692 2656 12 3318 15 365 29 1069 
3334 2344 904 1293 2959 4773 2229 68 3281 4240 2684 599 360 71 4565 117 365 2646 
251 2543 4310 4494 1492 373 1272 4140 103 337 1910 4772 3427 2713 866 2253 1157 1477 
4481 2048 3236 2391 1253 809 314 2673 4916 4137 3318 1166 890 373 16 3273 71 2650 1122 29 315 77 
4587 360 927 513 4783 1267 2437 3319 1493 2667 2238 420 4255 1824 2445 1133 2647 17 3290 557 19 97 139 
747 4181 2555 767 1295 4475 17 3638 4233 2712 4780 750 13 1 19 2 2253 
2069 3088 2895 1170 5255 2229 1082 31 570 3318 1304 3273 2234 558 
4734 1328 355 1240 4186 572 220 408 4829 1158 558 2528 2 3321 2712 1122 3273 750 
4501 3060 2899 74 4916 4143 1158 569 1517 2235 557 866 3318 1719 29 3273 750 7 25 314 175 1689 2229 77 
1391 218 528 2678 3379 2649 2253 2434 809 5090 70 404 1210 4140 569 890 314 19 4233 77 2236 139 557 3273 315 
4542 1184 14 3679 2319 4782 74 1217 1127 4144 2242 1824 1033 29 4237 420 569 77 101 557 175 
3456 4955 36 314 836 4503 2237 769 2646 1033 68 2668 2229 4196 1125 79 1719 13 1 71 1689 12 404 101 1209 
1179 4309 1728 4200 69 2482 3321 459 560 1326 365 2656 4787 569 176 3275 29 4475 888 2235 809 2667 1122 314 2 1033 140 
4015 824 85 98 1123 73 1304 4475 4784 4244 19 4137 4 
2412 1945 3361 1251 4151 316 360 582 2443 79 3273 29 2646 2429 4475 68 4233 1122 4772 12 2667 
4424 3778 1379 1251 125 52 319 767 373 25 315 4773 314 1122 4475 
4387 3032 2755 1254 1163 610 322 4772 73 2488 793 1362 4486 3274 1 3318 10 97 866 315 15 
4808 1035 2963 3448 68 404 152 410 4576 13 1157 2755 12 1082 4237 2313 1477 15 19 314 77 180 
3839 4518 787 4772 1137 2504 29 19 1224 2230 1161 13 4333 2235 1109 
3986 7 1232 824 866 1365 4871 1069 4721 68 12 767 79 
2856 1099 3638 662 1923 4486 4235 4137 29 1209 2425 46 866 2443 4772 
3572 5371 405 1621 152 68 411 1124 1754 78 1689 599 14 1209 360 365 
2590 4567 3359 3 7 4233 4776 1150 2668 373 809 1160 3283 314 1033 2253 457 866 
1096 4885 2702 363 1188 2443 409 3320 2229 599 1304 4233 1824 2650 809 1209 1033 2425 315 767 4496 3273 
216 4892 613 1238 1174 35 945 2242 2444 1124 314 1036 72 3340 2665 99 1304 3273 457 140 4233 4475 139 
4876 3172 427 1493 487 2485 3273 2656 4484 1728 809 49 97 569 2234 73 2667 19 4233 557 3318 
2043 2961 2294 2243 1177 3320 750 2713 7 772 1209 103 4491 1122 4233 4772 559 3280 2448 83 4137 
2581 4287 1073 819 1127 1159 4149 2649 2908 3318 4773 314 4 4475 2668 1304 103 12 365 1033 3273 
372 4568 3647 405 2903 2079 4784 2239 4244 409 2253 360 
129 1089 2235 3016 1451 2891 4337 571 420 2231 4779 3273 1050 3318 314 41 7 319 557 4475 2253 
642 4218 4799 2780 52 2278 856 21 2 1270 4476 8 17 1358 4 3280 3325 4233 
221 123 1873 4144 4542 2503 470 1103 2304 420 571 3278 4903 559 3323 2947 767 12 1122 
3771 2674 4248 177 454 8 334 779 71 21 5223 316 1125 1159 809 1304 1033 180 29 2233 117 2646 15 2234 
4556 2245 90 1431 673 4272 1517 1162 888 2712 4139 3318 809 2425 2443 12 4772 41 3273 1477 
5404 1977 490 2427 3278 2710 1129 867 1224 3319 571 779 2234 405 21 809 99 2646 1036 1477 71 409 557 
4127 5254 1072 
5387 373 310 2675 2665 23 3432 420 1034 1689 315 13 12 2 1209 2230 2234 1759 1477 2443 1069 
4887 1192 436 1407 769 3318 1493 10 599 365 4492 2229 2890 1695 822 1719 1041 41 4233 117 3273 1069 2234 360 
319 166 2357 4663 1719 4789 72 3683 38 2684 185 1122 922 4235 314 1304 15 1157 404 97 
5476 1163 2672 2490 1073 557 2239 405 3283 569 13 3319 
5220 2694 1081 567 3740 160 1224 8 2300 2656 71 97 1035 4244 410 13 19 1157 
2271 5148 1574 3330 559 4270 1075 4 410 98 1122 4139 3281 2755 470 1170 809 1209 769 29 12 
1794 637 2962 1108 4663 793 924 3340 7 44 1209 1477 2234 4787 2443 2253 3273 2425 4233 
372 2469 3012 922 2658 3427 5071 2428 1517 1122 767 2667 4333 1477 314 1209 750 
5230 2246 1805 368 1690 3474 2507 4233 361 1477 767 314 
1894 2712 2538 41 69 5410 1033 812 1127 888 3276 750 77 409 599 1492 3318 1477 
739 4944 1566 1366 2667 2665 1075 2295 41 4565 3331 2239 83 1270 888 1719 3273 
4927 2563 2334 156 1508 4142 462 809 3496 77 1036 4475 1127 68 175 29 2908 
2960 575 1572 4630 352 84 404 3319 922 1689 2443 3273 4903 15 1070 12 1719 2434 750 774 1157 2712 2234 559 409 
5052 990 60 242 4137 1188 1250 559 1072 315 141 404 576 1304 365 314 4475 
1631 517 5192 2698 2434 1044 4137 1440 315 4240 1073 13 74 314 878 404 97 4 599 767 2447 2646 
3952 1414 1170 5250 866 779 13 15 1073 12 1 809 19 4 1122 
5231 2894 1105 3277 1163 83 2235 1 2230 3318 13 1122 569 4233 866 
4556 206 2232 1641 4351 579 11 1861 2234 3318 3282 1157 2667 25 866 2646 4772 314 2443 809 
1370 2862 4829 481 599 1135 4568 3427 2427 365 1719 1070 17 2443 1033 4256 
3780 2521 4517 2382 60 4137 77 2232 1033 1210 4776 750 1 4244 68 
5095 3840 67 1737 4235 2247 2425 360 1157 2444 314 1361 767 365 4137 
2085 2430 5399 326 3341 262 1137 13 3283 1034 767 2457 360 2 103 12 41 2229 1069 576 405 83 1209 750 
3549 4639 1224 1123 1305 868 4911 2934 20 4 1689 1719 97 1033 767 
1117 4838 3562 934 4190 410 1528 772 571 408 1477 558 4721 1304 1157 
331 860 1743 1139 2530 3505 4636 74 2987 79 1157 4244 576 156 404 4772 750 2 97 557 175 
1230 934 218 1760 4551 2659 406 570 105 1566 751 419 2457 1034 2 360 4345 3280 4 4787 3340 557 1069 767 
1226 810 3082 2683 566 2046 3328 20 193 4333 4 368 361 2425 7 12 2647 4476 41 888 73 3278 576 1033 97 319 4772 
2882 3730 4143 319 155 5071 878 68 411 79 1304 1069 4233 404 12 314 41 809 
2363 1289 911 338 1593 3340 411 2656 5071 4240 2503 569 750 365 3276 103 1 2953 19 4137 2234 13 180 314 
5042 2258 139 1520 4486 1129 2652 2672 405 103 1224 750 2239 15 1161 4137 315 
5100 3876 80 1103 4233 21 1367 74 779 139 2 1209 4137 12 1689 97 1122 
114 1549 1402 3640 2429 4190 1824 2778 140 457 1070 4721 569 4776 39 1035 809 867 2443 83 
2950 4259 4595 1131 2794 2508 2229 21 4 1035 3318 360 1209 316 3273 4773 365 2234 71 1745 140 97 
3987 1441 5239 41 103 4137 750 19 7 1069 13 29 
801 4734 3465 2948 68 1271 104 2679 570 4772 561 2239 4137 409 1170 2646 866 365 77 1304 
1090 3345 2666 3025 319 4166 4903 317 599 4484 1125 457 7 1824 365 866 41 1157 2229 21 409 3273 1033 809 
3188 3285 1266 3330 5239 1127 316 13 20 12 10 750 2672 2234 2434 4137 1157 29 360 
525 4348 3572 1849 577 79 146 4486 558 2305 408 866 1477 4772 139 1492 19 2908 
2914 1933 5074 2769 141 559 61 1122 19 4162 2443 751 4237 458 2253 3322 365 1069 70 3280 77 
1714 2492 4288 2239 1751 583 3292 4143 3318 1103 1123 2647 2671 878 4 557 5071 7 
2641 4552 50 822 2646 3275 2 1041 4780 2668 4333 12 3320 1070 15 314 
4290 684 3292 4475 2683 1443 7 2046 321 2482 750 1122 2646 4149 4772 316 1 3318 365 2229 2 
190 4294 1538 1736 1304 2690 559 2911 405 78 768 3331 571 140 2229 69 5071 3283 15 866 1158 4137 750 2425 
4295 395 2172 110 2947 2425 3474 4772 4484 560 2237 77 2443 2229 180 175 4137 750 569 4 68 
1417 1184 141 881 3303 2404 4596 428 361 4779 13 2445 3340 1033 4237 2646 12 1719 
5208 4195 866 457 4233 
5017 2682 2965 2301 87 105 4476 2240 1103 32 7 1159 4144 404 1209 2646 
3215 109 3443 4149 2236 1069 1157 4903 4484 2656 9 559 809 2674 750 
1300 4171 2493 2713 794 3642 4524 4798 1304 409 2232 13 4233 2234 19 41 
2747 4244 2541 1038 4835 2302 1868 97 78 73 4565 373 3427 19 12 52 68 809 1157 
703 2712 122 2229 4453 74 866 856 13 3280 4476 1 2443 2234 4772 12 7 3318 2 
5376 2488 219 1494 1451 602 2712 1041 3431 4 1824 14 139 19 74 2229 2234 15 1069 1477 
4198 389 981 3802 71 4233 1069 5071 99 557 2234 1122 2428 576 1033 12 1209 2229 2443 
4950 2031 1277 2426 3324 4195 11 2651 453 4476 2443 1363 2667 3273 319 1069 2229 
871 4936 2806 469 1063 1342 20 3442 99 41 1174 809 4475 69 77 2908 1122 4137 
4156 3858 4271 1381 1256 4486 320 767 1122 1493 2253 4772 
4591 2731 1035 527 5 408 1746 3375 4259 1304 46 2238 4772 180 2372 3280 557 1122 1069 750 365 1492 409 
3730 1573 4192 1126 4486 103 17 368 1209 2647 4777 4 13 576 1358 559 404 81 4233 2234 2667 457 866 2229 68 
1477 3504 1781 341 316 3030 934 373 4235 48 1209 1689 1 4475 175 22 2434 1122 77 1157 767 2457 4137 4772 
989 4278 2300 2247 5 3482 15 2425 1178 315 222 2443 2909 4772 12 140 1033 360 4137 314 139 4475 365 1304 
4201 4910 3482 2969 750 223 1127 2458 2230 1736 2425 12 1036 1689 4486 360 
3076 3324 4241 3277 2722 99 5101 13 1551 374 68 888 19 314 4139 2229 1126 1160 1477 72 77 2443 2425 1304 
3435 4488 1560 4155 3055 4783 419 2427 68 2444 1861 2239 867 404 12 314 4233 29 2712 767 4 
2557 4613 8 3427 1510 2672 6 2926 39 1148 1873 1224 557 101 1477 569 404 1069 4233 4772 2646 71 
5337 1603 3379 2685 2427 2656 356 1690 23 146 557 409 13 404 3273 77 
3966 4252 1272 22 1162 5071 779 29 4137 866 12 1304 1033 41 
1196 75 2965 1737 5223 3432 4244 2742 353 1690 856 1212 2229 81 98 15 2443 404 2426 2234 409 750 
521 1368 4579 2028 3889 569 1 4779 4235 405 557 410 4 1069 365 360 
27 2646 1123 5161 118 180 1622 3343 419 2432 3278 1310 569 4139 74 405 4233 557 767 315 1170 1719 
818 2271 4784 190 2586 425 2651 4476 4233 164 361 2667 3638 30 569 1069 4149 12 4 365 1122 
1259 3973 146 602 233 4780 4565 420 360 82 1305 15 13 365 1157 809 41 1122 4233 139 
1394 954 3388 4531 79 2233 457 4903 3281 73 2649 68 185 2459 97 4137 1689 19 1719 12 
1831 2309 1186 867 2231 3428 2237 74 4592 2900 4822 566 81 1122 767 366 569 41 13 2 809 4233 97 
5270 3714 1231 325 159 2656 2667 1304 2237 175 315 83 41 314 2338 404 
1025 4189 1814 127 3318 3273 2712 2987 2425 2239 4772 2443 4496 4233 
4893 3555 1035 68 1363 1123 32 1219 4721 1069 71 767 7 809 
1246 3578 2280 4144 1741 4503 1122 99 44 892 4903 14 166 2908 2 71 1689 
2469 1584 1906 404 4551 2671 2429 1045 4340 3283 1157 97 315 314 2 2229 1304 319 4772 1122 3318 360 71 
2977 5316 560 2698 3321 1151 2665 362 582 368 2443 3278 
811 1853 4310 1225 425 5079 2434 4 2301 559 572 3325 2675 1035 1353 2234 878 19 3283 4137 97 15 1477 
2667 1879 4631 3693 140 83 2652 4906 2229 314 7 2234 1492 412 1069 404 15 12 2 
432 4690 2968 3327 155 1069 1859 12 559 1224 4903 1159 750 29 2425 767 3273 7 15 
4535 79 561 491 262 780 571 3340 1189 103 4780 3300 1033 4137 2457 1069 41 2646 4233 2229 809 19 410 68 
2056 2980 3275 2447 4874 2712 4237 2257 368 7 2230 3323 19 4486 4 41 599 404 17 13 29 2425 
3645 44 822 2716 1792 14 2377 4909 1692 1122 409 2238 557 1209 15 2482 4475 1304 29 19 4137 
1621 4974 15 2683 3330 1271 410 360 4616 3286 22 314 1157 1070 12 83 29 404 557 
2750 1088 4608 1166 1035 1858 380 4829 1122 3442 1310 319 2239 13 1 71 4 4233 19 
2211 590 5344 1003 3474 2391 2482 1072 
860 1608 1374 226 4823 161 1135 1861 2229 3476 2234 4284 569 4491 2482 4137 4 1209 557 
1915 3779 1176 2499 4773 4510 1066 1209 4333 50 2237 2229 404 866 1 2253 
3801 4783 1825 867 1250 365 319 1308 2300 4565 2435 4237 809 97 1071 2443 2235 71 180 
5428 1156 2242 81 2646 39 3321 2429 1923 2674 13 3273 315 2443 404 139 141 71 314 97 68 
3086 2712 870 3469 637 1566 4755 2229 1209 4772 41 2234 29 
2067 2313 2892 119 602 1159 4757 71 2961 322 4772 13 3318 2234 1105 2229 68 3273 29 750 
2298 361 2496 1789 4580 202 4308 68 365 2668 4776 2234 405 3318 1477 4 409 866 1304 1126 3273 826 2656 77 1689 
3732 4621 809 30 444 99 4255 1072 2234 2646 13 19 1551 750 2 2667 4772 1477 71 2229 866 77 
3847 116 888 1719 5090 1150 1337 4139 216 156 68 1033 2434 4233 2457 77 1157 15 1492 809 
5253 3285 2446 1975 1071 2937 1139 2234 325 198 2319 411 68 750 1209 314 175 2434 1157 1477 2674 41 360 3318 77 767 139 
2139 2894 1335 2295 3278 4333 922 2235 582 4476 3359 558 767 1161 4772 1 
1750 5225 174 3581 501 4233 13 1501 1069 1122 6 750 83 1689 1477 2908 19 767 1033 
5174 1390 2772 4338 3319 2426 2443 30 3273 404 1033 409 
3220 406 106 915 89 1044 412 192 4486 3539 4235 4137 4772 1122 29 7 
440 4161 2506 1492 4493 2404 2957 4911 809 3283 181 1132 1824 69 2667 3318 750 15 
4020 359 957 1377 604 4871 9 73 404 4721 1033 101 409 457 
4688 4233 2427 4776 1928 2 463 3277 2443 2947 1209 3318 1 571 4 1150 1033 41 19 13 
3302 1283 411 4807 4288 196 1316 2239 4137 866 2655 320 4475 2674 1157 2443 3318 750 314 365 1069 
3573 5458 81 976 269 68 99 7 1157 71 1036 13 12 
3083 4156 2434 1849 1225 558 856 3328 7 2721 1081 420 1492 570 4475 4233 4772 101 1033 71 2234 15 3273 866 140 
700 1811 4352 140 2646 139 1103 2229 5071 3343 2425 2953 809 2300 180 3273 866 1689 
362 265 4955 3499 531 74 2391 1816 922 4140 13 1041 2443 1304 368 2425 12 1689 7 767 4475 
1602 115 5490 3328 142 411 3035 2667 1873 2238 822 1286 1038 360 404 352 888 365 12 557 
1928 2952 2239 2276 2748 70 4237 4144 23 419 3273 569 12 558 404 4780 3318 77 2425 4475 750 315 360 1122 2443 4 
5533 2058 16 1292 109 12 2 77 52 1304 68 
2157 4235 71 2731 1161 2237 3278 4144 4828 1125 373 4475 2482 2257 557 13 3318 19 404 97 767 569 
5242 3434 1227 1202 2243 2674 4144 1573 216 7 2482 6 2646 1824 557 315 314 1 
3449 3131 2116 809 79 2657 141 1161 1122 4773 2684 4484 868 1033 12 68 4137 139 4 4233 
3826 4758 972 2246 2425 4772 409 404 2443 
1472 2661 1829 425 2685 3280 4502 789 23 1493 4240 3325 4871 2908 180 
562 3785 4374 1178 2293 1036 4475 2459 1689 2434 21 1129 1304 4772 175 12 866 15 1209 404 
2568 3086 872 4240 3319 1975 4773 4484 4137 314 139 2652 140 3273 2667 
726 2636 3273 4825 866 85 4139 19 767 2646 2667 73 1033 1174 4233 97 3318 1122 4475 
967 1376 2765 1069 4256 4565 2928 78 2443 2334 2 1492 3274 4772 3319 1209 1122 2428 68 1719 409 
4377 2860 336 381 1180 3321 75 925 1361 560 4772 2925 4475 2425 569 5 2443 29 3273 
353 4693 166 2522 4825 409 3276 18 750 52 314 1209 3318 4233 4 
535 4259 2728 1798 245 2374 2235 2489 4475 2959 779 599 4871 1477 3427 314 866 409 
4011 1388 5221 1070 2 4233 1033 809 
4129 5074 779 7 4137 4233 1033 
408 2157 3060 2768 947 3327 3273 71 83 5071 19 410 314 1188 4137 13 15 12 557 4233 2425 
5343 1168 2528 9 394 610 84 3359 1103 19 2667 13 1122 3273 2646 
4276 1472 370 3373 4782 3279 4475 4155 576 2425 2646 408 2710 750 15 19 809 139 
3446 5461 2734 2239 98 69 4 1188 1 2 316 1103 77 15 71 
4631 3343 771 4955 375 316 3283 12 610 79 1824 873 68 1492 2 2434 1477 7 1304 
1535 3138 606 351 1242 69 5294 2672 100 1066 139 81 2239 3276 29 3319 140 71 2425 2646 866 750 2443 13 
1961 692 2728 3427 2908 147 13 5239 2319 2434 1528 101 17 4139 2443 1 176 1033 71 2234 
3676 1230 1105 5074 2672 779 2650 4233 1124 2443 360 365 4137 2425 
5263 555 3008 2229 1125 3318 216 557 2253 1209 2238 2665 1571 3276 2443 2 2667 140 409 
898 2450 2103 4942 53 1074 2232 2382 1048 4580 3433 2667 809 2429 78 15 12 68 2646 750 
194 1988 136 3301 2293 2457 767 599 2229 4476 8 3341 2646 4244 14 139 4772 4155 19 15 360 4 457 409 
2404 4907 1875 4155 1414 1039 41 2486 1528 2724 3639 750 1069 4486 10 2 
1489 4838 3274 1196 2665 4297 3324 768 1238 2447 459 4144 2671 1492 4491 557 408 2229 1069 750 
2449 1490 4872 4524 814 2767 3428 559 1767 365 1188 2428 2987 768 1353 1033 409 4233 
4530 3354 1263 4255 2233 2426 328 1047 71 4819 809 750 3283 408 97 4137 68 
4863 1066 2770 4505 128 2320 4342 320 1122 
625 531 4822 2897 922 2089 69 4410 3433 1073 43 2239 4475 71 1033 767 1122 13 
4540 3283 4310 408 1160 2459 4149 1070 3341 1126 4772 2434 2 557 314 1033 750 
3353 2309 890 2651 5344 362 22 1363 750 3273 1122 1 2229 2425 809 404 457 
613 181 1645 5060 2884 2946 473 1304 2425 315 2445 360 4475 3274 7 3318 4 1157 175 
4703 1910 433 809 1174 753 44 3318 3273 4819 68 77 29 2443 2425 4233 
491 5126 78 3136 571 2444 1213 2434 71 404 46 3284 15 3340 557 97 4244 2237 19 809 4137 68 1069 
3176 2234 1040 2504 4904 83 1689 1160 7 557 409 2712 2230 1727 1069 4143 3322 1129 71 315 4475 404 866 3273 97 
2515 1338 2258 1176 1038 4903 1552 4496 1122 77 109 2667 4143 2646 404 2234 2229 3290 68 409 4 750 3318 139 
736 1367 1641 3343 5223 4308 878 3273 99 1070 767 1719 72 2656 1689 1212 2425 809 
1829 3155 1496 3277 867 2667 4663 1197 569 420 779 809 3318 103 2425 360 2234 2443 366 315 1477 1069 4233 4772 4 314 
3257 1866 1139 824 4565 151 42 7 4772 380 2748 23 3318 1304 767 866 4233 1157 12 3273 13 
19 3101 4383 2242 460 1322 69 175 43 2651 2484 1161 3340 569 5076 335 809 1477 404 3273 409 866 
374 2542 5111 2316 131 4309 774 1477 2675 3283 314 1304 315 140 3318 139 4137 
3671 397 1352 972 2651 5319 71 1076 83 576 1209 97 404 45 2482 2667 
5055 75 1212 4139 4475 99 43 1304 1103 19 77 809 
5117 3052 2758 3330 1035 1212 4240 3275 1125 77 867 4155 8 101 2429 1069 68 1157 
5134 2239 1426 2928 3282 814 52 2448 15 72 316 3318 409 2712 83 98 365 4244 4189 404 1069 
74 3875 1386 868 4333 1737 1037 25 4484 1551 810 77 4787 1477 750 97 4 
1948 358 3031 1388 1504 5254 3285 103 3320 13 2427 1033 2449 2686 409 1069 19 2229 68 175 
1885 230 4148 380 1304 105 2861 569 13 7 463 3277 1 19 4491 2482 140 1122 44 3318 4237 1033 139 2908 4772 
3136 4393 779 503 7 221 2674 428 3275 2656 99 557 141 2425 68 365 4475 1122 4772 81 3318 1209 12 2234 29 2443 1069 71 
5213 1218 4334 1104 69 77 1320 15 29 
233 4263 2910 1374 2552 1151 567 410 14 4195 4496 365 3427 77 23 2712 4776 1 1492 29 866 7 569 68 
1168 405 911 459 4551 54 751 1529 571 3427 13 2652 1693 415 1250 2457 1072 2372 1759 4144 4233 77 2667 2425 19 4772 68 
2788 1832 509 4723 4137 2503 750 4772 3638 421 866 1072 316 1157 79 2253 
4218 2420 1388 1209 408 1568 822 2425 222 4721 365 3340 1103 4772 3273 3 409 2647 2443 315 767 
542 2448 1072 409 559 3369 4493 2657 4139 2379 124 2675 1431 1477 5009 809 866 1157 365 315 
1074 1730 1033 2505 323 4530 3428 2652 117 599 4788 2953 2232 2683 74 175 1125 1209 409 140 4233 16 1492 4143 29 809 
2134 637 5075 3318 141 46 2756 2443 139 4189 3273 1353 6 319 4233 2908 457 2425 175 1157 180 
4665 251 3014 1220 2294 102 4772 3443 77 1517 1079 756 571 71 2683 1477 13 4233 1 
5076 3410 306 1551 2434 2652 4264 4139 314 3273 41 922 1304 404 557 360 1157 1122 
5 4325 2646 5076 2300 881 576 3427 809 1159 560 4137 7 2667 
1068 3177 323 46 1362 2733 124 652 33 5250 3325 3280 1789 362 315 23 2236 2229 
743 5183 4149 29 809 2755 3273 4233 750 3325 767 41 2425 
4309 2803 295 5071 1186 1669 3443 17 2 1689 922 4143 1759 68 77 29 
4055 1125 128 4137 4233 1071 888 41 750 809 5071 1209 
2598 4965 102 3340 4179 774 1216 4 404 1 1122 4486 3273 77 866 557 12 70 15 569 409 29 71 1033 2646 
4735 2200 3394 122 201 1069 72 2436 176 70 4149 373 2443 2235 314 750 4772 3283 1033 
2610 1062 1074 3306 1161 4244 5120 3340 316 221 32 4138 1431 809 373 77 767 41 68 
5192 1617 1069 487 822 2728 1320 2255 2459 2229 888 7 1189 19 15 12 560 2426 13 315 4233 4137 
1283 5094 2448 774 3274 2918 1160 1353 2242 16 4233 410 557 2712 1728 3318 29 4137 2428 2253 12 77 750 
3289 2261 1437 922 180 2450 1157 4235 5071 97 3361 2684 140 7 81 767 1767 4137 68 
1230 1380 2789 1572 4149 3361 9 682 2528 4235 4776 360 809 1689 1033 139 4475 3273 1122 1719 
670 5177 169 1041 101 846 1122 3340 4244 73 2234 3283 2434 4137 1069 767 1157 2443 
702 3614 4486 1132 2908 1173 4776 4137 50 4244 2253 1071 750 29 68 
4763 1329 1036 2759 2483 1573 7 569 1150 3277 4772 2 360 1745 1209 1689 3320 1 866 
2155 3326 1126 4903 1252 2427 2925 1177 767 2671 750 2391 3277 4486 866 569 2646 405 319 4137 
389 921 4545 420 18 5018 34 98 557 1238 1138 569 4137 2908 71 809 
773 4688 1077 4828 1170 3469 50 1209 2 97 1125 4233 599 71 7 
3901 1769 947 1696 4565 1216 70 1174 1138 81 4233 4772 
923 281 3581 3051 5302 97 750 1161 1041 1122 1069 41 15 19 767 13 
3732 4626 1579 1072 1324 1129 866 4776 2725 20 15 2239 316 4233 1033 
5500 3082 1229 1776 12 459 6 1322 193 1069 13 319 
1696 2940 2890 4919 2380 1720 3320 569 1131 70 822 3276 183 314 767 4 360 19 1250 71 4475 1492 2233 17 4137 866 409 
2515 2686 1611 90 4821 425 1310 18 4233 3283 4565 365 97 29 7 2253 779 360 1157 1069 3318 71 2229 1122 
5284 1133 3034 36 2757 180 18 1402 3427 1745 2445 582 1033 1079 13 101 71 360 2429 
321 5264 1325 2336 1064 2756 1503 420 69 3432 15 2444 2947 13 77 809 1824 360 314 1270 2425 365 
932 3153 3334 1622 610 4476 3278 1159 1126 315 1 2234 2667 77 4333 767 314 4 4772 2646 2425 1033 97 
1859 2458 326 5076 1321 464 3482 143 4308 1492 1477 1122 1161 139 13 4139 360 2425 77 2372 1209 767 314 68 2 
692 2120 4912 888 4475 3452 110 2295 2239 1122 4137 17 2646 2667 2908 
5610 25 1124 1157 1 
1255 3464 2689 2659 192 127 1174 5220 326 1310 404 13 12 2947 1719 316 1492 1124 4233 409 139 
5589 1278 77 69 15 29 
1397 5014 516 316 4486 2755 1579 4137 68 420 1212 1719 180 750 2908 2253 
5557 1322 1132 46 1261 69 1157 1 13 1035 19 
4981 2465 1188 1582 3482 809 1074 362 4139 4 1250 4491 7 767 2229 2425 97 71 77 
5417 3349 26 103 314 68 2229 361 3276 1695 77 1188 557 2425 2 139 2646 
2135 4194 2684 71 3432 4826 2482 2229 2 1087 21 2650 365 4235 362 1371 866 4475 
2198 2606 5074 1124 3283 2946 4237 315 2671 362 4137 3318 
1753 3652 1691 2373 68 4476 4786 774 610 4333 32 16 72 2667 2234 1122 1250 7 2443 315 809 175 117 1069 2425 2646 
1396 4417 3446 2925 2243 316 1216 2712 4491 4779 68 77 
2780 3378 4785 2270 1308 1901 1034 4238 844 2427 68 4475 101 217 4137 3277 41 
37 2052 2429 2685 767 3064 405 1361 5071 3326 2229 83 4333 2646 750 866 1209 1158 809 3275 
1820 2230 5011 583 2987 1035 2650 1122 1175 4568 2457 2253 2672 139 7 3318 365 
1065 5079 117 3543 4265 2917 4 1492 68 1477 2285 1122 2 1304 866 1209 1069 4137 
2091 796 4137 3543 2253 13 1037 1210 4254 77 4825 4475 1304 68 2 19 
455 5111 3034 2656 125 19 3325 1573 1279 774 3274 557 18 2234 750 2668 4333 13 569 2425 1304 
1073 1574 339 224 3273 4194 2728 426 365 4942 1689 1128 2443 2239 1157 13 3318 557 4 822 1304 1719 15 2427 866 12 4475 1033 569 
3840 1141 4723 4155 1723 2551 4788 867 1506 1440 7 
64 2218 3273 2755 4340 671 146 4821 425 3325 4 4524 97 139 77 2425 2 1 
2292 928 2434 3658 599 61 14 1528 2647 3 2711 103 79 5250 1033 2234 750 68 360 767 1209 1069 1477 315 19 404 
2136 2960 934 2657 2383 15 4476 2669 3445 4237 1174 4871 4 1 77 
3754 2357 890 5250 104 184 2242 2646 582 4 175 1122 557 750 77 809 2667 68 
4889 2434 1205 809 3325 2689 4239 408 2646 1910 140 410 599 139 3274 365 4475 41 1492 
1170 2733 3747 325 4356 103 2230 315 33 70 77 4524 1069 809 4780 1122 19 2234 
3360 1738 1713 5226 2229 2504 2647 404 83 2672 1160 569 750 17 3277 29 4233 2234 
1251 3304 1787 81 1372 457 4565 573 410 105 29 559 198 2776 4776 750 13 3318 68 2253 4240 4 2443 866 
481 1582 3448 966 1305 2987 4565 2234 2253 4 1150 1157 2733 315 4233 68 1719 4772 2229 314 77 1033 
451 5399 2658 1861 1159 108 1033 2448 1625 873 3318 365 809 750 1212 3273 2667 767 2234 2425 
3740 1037 514 1094 4643 599 2235 1123 452 822 64 78 2646 866 314 14 4903 1157 97 767 2229 2667 
1904 3449 1064 4144 2374 2947 1312 493 1528 2672 4721 2646 1157 315 4772 2234 29 1477 314 
3819 5071 2462 77 4343 72 404 2430 19 46 569 29 68 866 99 809 2229 409 13 4 
5529 2253 457 
2904 5339 1168 1069 2238 88 315 1122 314 4 457 2908 3278 7 1033 557 3318 
1672 2268 3570 778 811 4256 24 411 4149 4551 4773 73 1087 77 1157 1719 12 314 404 41 
3572 4630 487 1991 2 245 78 405 75 8 4819 315 810 603 4233 1069 767 23 878 29 1157 97 409 
1224 2103 3784 4570 2384 1312 420 866 217 1039 4772 4237 29 2482 2233 1069 
3915 4380 72 820 5071 1492 1075 16 335 180 1041 68 866 97 
4545 2519 31 774 333 2947 1236 17 4871 4235 1037 1122 408 1157 410 1069 3318 77 314 3273 4 365 809 
5414 570 141 3593 216 139 1125 409 1161 365 1103 362 557 404 2 
5220 3050 85 3327 1739 1166 421 2712 1557 3282 1693 4233 316 1310 866 13 2239 3 1478 19 
3678 822 4572 2671 409 360 2646 404 4903 2443 2425 
2314 3389 5105 1073 1141 2429 569 2230 1498 1163 2655 2443 97 4334 409 1304 360 3273 2234 71 15 
546 5140 577 2890 866 767 809 83 5 3275 4190 2234 314 2908 12 560 4233 3318 15 2229 
2817 3465 4340 5148 1402 603 1202 1492 457 175 
4632 2531 4922 32 1501 1764 557 164 2946 1477 185 71 3474 117 1 409 404 809 569 
1562 1074 3331 1482 2659 4721 4830 2683 7 97 3280 13 71 1719 1157 4137 41 
2625 927 779 1042 85 3652 319 4916 2667 71 1157 2647 97 4137 315 4475 1122 
3571 5390 1827 432 1033 187 768 1567 1122 1 564 822 17 1157 1069 365 140 866 139 2 569 
900 4329 1377 2646 2415 4772 51 216 4137 571 77 360 29 5 68 557 97 2667 4476 71 
3151 4876 1777 2446 3277 3 4475 2656 2684 2427 77 19 404 1125 4240 3322 314 1069 767 68 1157 97 
4108 5071 1138 809 77 26 98 68 4333 750 4 767 71 866 1069 
992 2443 1448 2435 4792 1125 2726 4556 4333 557 19 3324 365 71 13 1477 97 1492 3273 
5619 1166 12 71 1034 15 
392 2710 2650 5256 2237 1745 2302 7 2911 3277 1551 823 888 569 1304 1689 2425 3318 1477 2229 
3593 1433 71 5143 827 405 333 915 4233 81 182 1069 13 99 4137 1157 410 2 2908 12 
1274 3122 4273 2710 2655 569 2240 1033 4491 557 4871 1157 77 373 8 3273 13 1492 409 2425 19 822 3318 68 140 
2105 3329 832 5 2282 4493 408 4871 2425 124 558 2234 2646 571 42 2948 2229 2667 3273 4233 1209 866 
1016 4894 13 34 18 3323 1166 4233 2656 1033 1069 2667 74 3280 81 1122 2443 4475 
829 4791 3859 1404 4524 1528 460 15 4333 1719 20 767 1 1157 1477 12 
1632 3438 4827 750 1176 2669 405 4333 1250 2595 599 83 409 767 809 4475 2646 457 
1736 3130 3477 960 20 1528 84 106 2247 420 5090 599 4333 2443 13 2425 1157 
2969 4808 2229 16 408 1074 4486 3340 314 780 319 419 1212 1482 315 2482 569 4284 1122 1033 3273 140 14 139 1157 2234 2651 4137 
3994 392 420 972 1104 5071 319 557 10 1209 4333 1304 569 
282 3074 3323 558 2115 4475 4 2724 3280 4338 1122 572 779 17 1167 360 1304 315 2229 2443 4772 
1336 2831 1896 921 31 3427 4333 2482 1033 1069 13 99 4819 557 19 569 4486 71 77 1209 
4930 1210 643 3278 99 935 2739 4143 3114 71 21 750 7 77 2457 4475 68 1 1138 3318 2425 2 12 
4298 2987 1289 5221 2710 279 610 81 1477 3278 394 1719 2646 15 1158 2234 1492 3318 2425 97 
3083 3353 3283 5254 1219 2231 558 1304 2428 29 
5107 2946 4189 2427 1353 578 13 1543 2755 1209 1477 15 888 103 405 4233 180 458 12 77 557 68 3273 19 809 2443 3318 
5483 2764 793 353 3321 404 314 2482 3273 
1756 4772 1638 4676 3273 2979 4257 2447 353 599 809 1037 360 866 314 97 767 3318 404 365 71 2425 
2255 1236 1507 1034 1379 3789 4264 2427 4775 2235 68 365 1125 4149 119 175 2229 4475 1477 314 12 809 2443 
4237 489 2321 2244 1991 223 105 77 1109 4779 2485 4565 3319 1158 866 2647 3273 557 140 2908 1122 569 139 68 2667 750 
2818 2924 4235 1212 1783 4873 3325 405 1310 1689 3280 1122 4486 888 139 315 1 409 
603 2085 2921 1209 247 2391 463 2426 4255 809 1071 2672 1122 4139 3427 4780 15 101 5 2443 72 2650 315 4475 13 1033 
2336 4143 172 420 3359 1272 1750 1334 5071 2482 2721 2246 3273 750 97 1033 4240 1077 314 1689 866 12 315 1492 15 71 
3647 1963 2382 181 1070 4779 1122 1231 2484 780 2229 2649 4475 4149 330 1492 2671 4233 1157 1033 404 
3772 4908 4621 2764 15 1304 36 72 1 1157 822 97 
2812 789 4803 2503 77 1151 4722 72 374 145 101 13 2908 557 1492 1034 3427 1209 4137 7 569 68 15 
6 610 4545 4954 75 381 1254 97 1831 3318 2425 77 1384 1073 15 3273 4137 2443 180 175 19 1 
5226 3603 4233 319 1404 750 2908 
737 1381 3461 1657 4290 4 21 4577 2656 2908 4772 866 1 2667 1719 2234 750 
5485 2434 3285 2237 2667 2445 360 314 570 3318 
3337 1138 2669 211 911 2374 4592 573 750 457 139 2426 3290 4772 1209 809 409 2234 4233 2646 29 
606 4494 3041 3454 753 1824 4354 1157 2755 45 4780 12 103 7 1209 180 1122 83 767 15 
5584 1192 124 1269 
2131 1188 562 3281 2237 5239 4140 1306 368 2674 2231 3025 3325 319 2646 
5090 1243 809 3367 2435 2646 1308 1044 1529 2710 1086 412 767 867 4139 1161 2234 3277 1 2253 97 569 4233 71 404 
444 3323 2489 1410 4258 1745 2233 4475 1 1477 3073 21 4153 180 2674 15 809 459 4 3283 1492 4772 750 71 
2973 882 4728 42 3278 2651 1085 2457 1168 2293 459 569 421 767 4871 70 1138 2667 3318 19 2425 
1444 1852 419 979 2229 4551 2425 164 2457 362 2679 1132 4342 569 3319 560 4772 3273 97 2646 2253 
2047 614 4831 356 4240 1270 2795 373 13 4492 1161 68 4143 3325 19 2 1047 750 3280 
2650 3719 1627 4291 2241 1160 1076 856 68 42 4773 117 1305 1033 4138 2672 4491 
2464 1577 3398 4340 3276 1127 2434 5102 2649 52 1072 1374 557 2 97 314 1209 77 19 
2299 221 1627 2665 4757 2232 1304 333 419 2953 360 41 3322 750 4787 119 2234 316 1213 3277 2710 72 2 1719 
4748 503 573 26 83 956 3540 558 410 408 97 7 4772 71 4137 
2907 4484 655 878 3638 2239 4288 4137 4772 
4239 2911 1911 625 1162 4780 1132 1242 2659 2425 4170 139 4475 2 3273 1069 3325 14 1037 2683 145 19 750 68 
627 4815 118 193 4253 3149 4491 2656 176 41 2425 4144 2234 3318 17 750 74 2 2710 13 19 3273 
3745 415 5239 1 2646 1647 1212 1167 2683 2232 13 4139 314 1069 19 2253 4 
4822 269 1297 2737 2439 4262 28 4170 3319 74 78 2445 4491 2234 767 3273 97 
2951 2491 3428 5117 2729 4189 458 1188 2237 1310 4240 2229 15 557 77 68 569 1481 866 1 12 404 
5002 1161 106 2529 557 13 2667 4577 3273 1072 68 750 809 2650 81 2 3322 409 
4173 1858 2953 396 39 1275 2447 4476 1305 2755 767 3280 73 4288 4772 1 1072 866 151 19 3318 404 97 
5445 3505 1130 2485 20 410 1039 1072 2246 404 314 29 1157 13 
4178 2721 1197 1402 750 140 2372 899 314 2492 2234 4903 3322 2908 3277 180 139 1069 175 4486 4 315 
1389 767 3700 4200 573 4780 4721 1741 2755 822 41 559 142 457 
1919 2772 2952 4721 69 832 1122 3325 77 15 142 314 1492 4193 410 13 2428 866 1477 3273 139 1161 4772 19 
4308 4481 2474 1170 1535 2729 3274 1910 3318 2428 809 890 5 315 1477 4137 1087 175 79 2233 365 139 19 4772 360 140 
5594 1209 29 
4557 603 1166 80 2722 2229 4237 22 809 1150 12 2444 4871 3318 74 3274 866 1033 2425 2234 
1138 373 799 1379 5157 19 2679 106 3285 4 2234 3326 13 1719 1209 2425 4144 68 4244 314 2229 77 569 1689 
474 1494 945 406 4606 2665 1866 1478 3325 39 83 2247 4 1361 2674 4772 315 559 1157 3273 365 4308 409 
3101 2540 4783 4260 3322 1500 22 2726 4475 1730 856 4155 1320 1033 3277 1069 
1361 4945 87 3451 1582 2237 2304 4143 314 103 1730 478 2229 315 404 2646 4 1157 1689 866 4475 2667 
182 4478 1077 3493 95 4262 4821 1157 809 1501 2528 2319 71 4149 1033 1477 1122 15 420 12 97 767 
1318 1240 1895 2382 4825 1524 2431 2721 94 4149 3279 4233 570 759 4 1069 3318 4484 2443 7 71 1 
5432 2484 1086 3273 8 1431 1041 2755 573 71 41 2 1478 1157 360 17 560 97 3318 409 1689 
3905 893 1072 1643 4904 27 365 124 409 561 1874 41 4475 569 315 4137 1 
1015 3369 1218 4297 1197 2239 5071 74 4 77 2739 15 3273 12 1069 2482 97 4137 
5647 457 
2200 4613 2234 3306 238 566 2445 2434 1077 69 866 362 315 44 3342 77 1033 15 4776 4233 
4025 1304 223 5255 83 558 18 577 41 1069 360 404 104 1157 159 4 
2921 5138 2892 570 97 4286 13 1312 3279 16 457 29 1209 71 4137 3323 12 750 2 19 
3758 4287 2767 5074 1610 52 752 1134 5 404 12 15 409 1069 4137 7 315 314 
4323 2674 911 3278 750 2646 2484 2237 4772 3318 4137 4475 365 404 
3246 1725 4789 1131 1366 139 1656 866 1103 3482 7 4721 822 181 103 4137 
2315 1824 773 1145 2230 2429 4904 3328 2674 7 412 2234 3273 1159 2947 4565 97 404 1566 21 1069 140 71 2646 
385 4690 4274 1212 3647 43 768 21 12 2492 15 4775 1161 1304 180 866 
4485 496 1156 878 2860 75 3753 420 599 81 809 362 4137 97 4903 365 315 15 1 41 
744 5490 1669 3334 1033 2379 866 1069 2908 1157 2667 767 750 41 809 1304 
3186 1451 1041 3551 4565 41 3 117 4773 4237 10 809 866 1069 
4229 1066 1150 457 4903 2712 4476 315 1161 3273 3320 3 314 2253 360 
2875 1366 180 2928 5074 606 1044 1825 79 71 3280 4334 3318 68 2443 1069 97 12 
1107 4328 2795 404 164 117 4565 1551 881 1304 1130 32 410 1157 4779 71 1477 314 
3451 4971 97 1552 4 1731 2253 4572 1162 2725 1477 2230 459 71 1304 12 1138 175 2234 315 
5433 360 105 1170 3462 81 1123 1069 6 2239 557 571 2652 175 13 68 2667 7 
20 1728 3474 2428 2300 1427 2987 4161 2446 2234 4490 570 85 558 4237 1174 459 139 97 1495 2229 360 4772 409 
5235 4233 809 
4380 693 1146 3904 866 1070 1507 1160 4772 809 41 4475 29 
4091 4494 25 1 4872 41 97 34 71 77 68 4237 1157 
4427 391 1202 57 4525 4835 3432 2425 822 324 8 12 2232 2457 1824 21 866 409 
1598 3837 1864 1337 1165 866 767 1124 5250 2425 1 2229 71 1041 2457 1209 822 101 
3568 216 1567 4740 1391 4792 8 4141 42 866 
684 2730 4184 4477 3323 3132 2485 1036 1069 4903 1124 856 3278 319 
4074 5264 86 1138 779 97 71 13 922 19 
2136 5226 360 2444 4308 2425 314 2236 12 2672 1306 1174 2233 15 3283 569 756 5 77 3318 404 68 
1374 2286 867 2230 5028 1579 81 4154 2669 374 1 1122 182 15 4475 569 68 409 2651 404 809 6 97 767 1069 2234 
2437 2994 3487 4574 187 1334 140 381 1151 1209 4244 1157 29 1501 139 4776 13 19 1477 2234 2443 
453 3204 4914 103 3277 2674 4574 2552 87 315 17 2 314 2646 1069 3318 
2702 386 4157 5025 1105 3 569 856 2650 4475 1304 867 409 1745 319 562 1270 2229 
1049 5546 982 1212 154 1174 2 561 1 577 87 1492 1122 1304 175 
865 16 3614 34 12 4942 109 1109 4476 1122 4149 2253 7 68 77 1157 
3350 5383 1325 1189 159 3280 408 599 69 2656 221 314 419 315 77 15 1209 
2151 3085 2443 890 603 434 4487 3286 20 460 3318 4233 2686 4772 4137 1 750 
3722 2346 1367 5058 405 54 2668 2229 2237 809 1261 4475 2646 
817 240 2175 1164 4909 84 3361 4577 2443 564 2665 3273 2234 2253 12 15 750 2667 2229 7 569 
1439 3872 4479 1873 4144 85 21 4906 97 1 71 1477 1492 
1695 557 3043 2237 1743 1035 4871 2425 1212 3477 175 750 1160 1327 1528 140 4244 4486 569 2232 1 139 2443 767 
3195 1063 561 4663 2687 5009 25 3318 365 42 922 1304 2448 1069 
1805 5062 3440 1337 2672 175 1477 2665 809 139 557 4475 569 2443 1689 404 29 
2007 4189 121 2529 15 972 4835 1174 12 3340 3277 4475 320 20 1138 420 13 74 2646 4233 569 
1770 493 360 867 2508 2255 4923 2230 3340 1270 2235 3290 2652 1074 404 4137 74 117 13 409 365 767 1034 4475 1157 
3621 4888 4240 767 4475 
