complexity,cost,feature_based_cost
16.0,0.0,0.0
15.0,0.00841,0.0
16.0,0.00841,0.0
16.0,0.019994,0.0
16.0,0.00841,0.0
13.0,0.01682,0.0
16.0,0.019994,0.0
15.0,0.00841,0.0
14.0,0.01682,0.0
16.0,0.019994,0.0
16.0,0.019994,0.0
12.0,0.03364,0.0
15.0,0.007663,0.0
14.0,0.016073,0.0
14.0,0.016073,0.0
15.0,0.027657,0.0
16.0,0.018822,0.0
15.0,0.027232,0.0
16.0,0.007663,0.0
14.0,0.016073,0.0
15.0,0.016073,0.0
15.0,0.027657,0.0
16.0,0.018822,0.0
14.0,0.027232,0.0
16.0,0.018822,0.0
15.0,0.027232,0.0
16.0,0.03217,0.0
15.0,0.047119,0.0
15.0,0.007008,0.0
12.0,0.015418,0.0
14.0,0.015418,0.0
14.0,0.027002,0.0
14.0,0.015418,0.0
12.0,0.023828,0.0
14.0,0.027002,0.0
14.0,0.015418,0.0
11.0,0.023828,0.0
15.0,0.027002,0.0
15.0,0.027002,0.0
11.0,0.040648,0.0
16.0,0.01771,0.0
15.0,0.02612,0.0
15.0,0.02612,0.0
16.0,0.037704,0.0
15.0,0.007663,0.0
14.0,0.015326,0.0
14.0,0.016073,0.0
14.0,0.015326,0.0
15.0,0.026485,0.0
14.0,0.016073,0.0
13.0,0.023736,0.0
15.0,0.027657,0.0
15.0,0.026485,0.0
15.0,0.039833,0.0
16.0,0.018822,0.0
15.0,0.026485,0.0
15.0,0.027232,0.0
16.0,0.037645,0.0
16.0,0.01183,0.0
15.0,0.02024,0.0
15.0,0.02024,0.0
16.0,0.031824,0.0
11.0,0.030744,0.0
10.0,0.039154,0.0
16.0,0.01771,0.0
14.0,0.02612,0.0
15.0,0.02612,0.0
14.0,0.037704,0.0
14.0,0.045453,0.0
16.0,0.007663,0.0
14.0,0.015326,0.0
15.0,0.016073,0.0
13.0,0.015326,0.0
14.0,0.026485,0.0
14.0,0.016073,0.0
12.0,0.023736,0.0
15.0,0.026485,0.0
15.0,0.027657,0.0
16.0,0.01771,0.0
14.0,0.02612,0.0
15.0,0.02612,0.0
14.0,0.037704,0.0
16.0,0.018822,0.0
15.0,0.026485,0.0
14.0,0.027232,0.0
14.0,0.026485,0.0
12.0,0.037645,0.0
14.0,0.045453,0.0
16.0,0.018822,0.0
15.0,0.026485,0.0
15.0,0.027232,0.0
16.0,0.037645,0.0
12.0,0.030744,0.0
11.0,0.039154,0.0
16.0,0.03217,0.0
15.0,0.039833,0.0
15.0,0.047119,0.0
11.0,0.061473,0.0
16.0,0.007663,0.0
14.0,0.014671,0.0
13.0,0.015326,0.0
14.0,0.025373,0.0
15.0,0.015326,0.0
12.0,0.022989,0.0
15.0,0.025373,0.0
14.0,0.016073,0.0
13.0,0.023081,0.0
14.0,0.026485,0.0
15.0,0.026485,0.0
11.0,0.038407,0.0
14.0,0.015326,0.0
12.0,0.022989,0.0
13.0,0.023736,0.0
13.0,0.034148,0.0
15.0,0.019493,0.0
14.0,0.027903,0.0
15.0,0.016073,0.0
14.0,0.023081,0.0
13.0,0.023736,0.0
13.0,0.033783,0.0
15.0,0.026485,0.0
12.0,0.034148,0.0
15.0,0.027657,0.0
14.0,0.034665,0.0
15.0,0.039833,0.0
16.0,0.007008,0.0
14.0,0.015418,0.0
13.0,0.015418,0.0
14.0,0.027002,0.0
15.0,0.015418,0.0
12.0,0.023828,0.0
15.0,0.027002,0.0
15.0,0.015418,0.0
13.0,0.023828,0.0
14.0,0.027002,0.0
15.0,0.027002,0.0
11.0,0.040648,0.0
14.0,0.014671,0.0
12.0,0.023081,0.0
13.0,0.023081,0.0
13.0,0.034665,0.0
15.0,0.02583,0.0
14.0,0.03424,0.0
15.0,0.014671,0.0
14.0,0.023081,0.0
13.0,0.023081,0.0
13.0,0.034665,0.0
15.0,0.02583,0.0
12.0,0.03424,0.0
15.0,0.02583,0.0
14.0,0.03424,0.0
15.0,0.039178,0.0
13.0,0.054127,0.0
16.0,0.01771,0.0
15.0,0.025373,0.0
15.0,0.02612,0.0
15.0,0.025373,0.0
15.0,0.036533,0.0
15.0,0.02612,0.0
14.0,0.033783,0.0
15.0,0.037704,0.0
15.0,0.036533,0.0
15.0,0.04988,0.0
16.0,0.018822,0.0
14.0,0.02583,0.0
14.0,0.026485,0.0
11.0,0.036533,0.0
15.0,0.026485,0.0
12.0,0.034148,0.0
13.0,0.036533,0.0
15.0,0.027232,0.0
12.0,0.03424,0.0
14.0,0.037645,0.0
15.0,0.037645,0.0
10.0,0.049566,0.0
16.0,0.016661,0.0
14.0,0.025071,0.0
14.0,0.025071,0.0
11.0,0.036655,0.0
15.0,0.025071,0.0
12.0,0.033481,0.0
13.0,0.036655,0.0
15.0,0.025071,0.0
12.0,0.033481,0.0
14.0,0.036655,0.0
15.0,0.036655,0.0
10.0,0.050301,0.0
14.0,0.043824,0.0
12.0,0.052234,0.0
15.0,0.007663,0.0
14.0,0.015326,0.0
14.0,0.016073,0.0
15.0,0.026485,0.0
14.0,0.014671,0.0
11.0,0.023081,0.0
15.0,0.025373,0.0
14.0,0.015326,0.0
13.0,0.022989,0.0
15.0,0.026485,0.0
15.0,0.019493,0.0
10.0,0.038407,0.0
14.0,0.016073,0.0
13.0,0.023736,0.0
13.0,0.023081,0.0
14.0,0.033783,0.0
15.0,0.027657,0.0
13.0,0.034665,0.0
14.0,0.015326,0.0
13.0,0.022989,0.0
13.0,0.023736,0.0
14.0,0.034148,0.0
15.0,0.025373,0.0
13.0,0.033783,0.0
15.0,0.026485,0.0
14.0,0.034148,0.0
13.0,0.053116,0.0
16.0,0.018822,0.0
15.0,0.026485,0.0
14.0,0.027232,0.0
15.0,0.026485,0.0
14.0,0.037645,0.0
15.0,0.02583,0.0
13.0,0.03424,0.0
16.0,0.030653,0.0
15.0,0.036533,0.0
16.0,0.01771,0.0
15.0,0.025373,0.0
15.0,0.02612,0.0
14.0,0.025373,0.0
14.0,0.036533,0.0
15.0,0.02612,0.0
13.0,0.033783,0.0
16.0,0.036533,0.0
15.0,0.037704,0.0
12.0,0.030744,0.0
11.0,0.038407,0.0
11.0,0.039154,0.0
11.0,0.038407,0.0
11.0,0.049566,0.0
16.0,0.03217,0.0
14.0,0.039178,0.0
15.0,0.039833,0.0
13.0,0.04988,0.0
16.0,0.029364,0.0
14.0,0.037774,0.0
15.0,0.037774,0.0
13.0,0.049358,0.0
10.0,0.059644,0.0
16.0,0.018822,0.0
15.0,0.026485,0.0
15.0,0.027232,0.0
14.0,0.037645,0.0
15.0,0.02583,0.0
12.0,0.03424,0.0
15.0,0.036533,0.0
15.0,0.026485,0.0
14.0,0.034148,0.0
15.0,0.037645,0.0
16.0,0.030653,0.0
11.0,0.049566,0.0
15.0,0.047119,0.0
13.0,0.054127,0.0
12.0,0.061473,0.0
11.0,0.076573,0.0
16.0,0.007663,0.0
15.0,0.015326,0.0
15.0,0.016073,0.0
15.0,0.015326,0.0
15.0,0.026485,0.0
13.0,0.015326,0.0
12.0,0.022989,0.0
15.0,0.014671,0.0
13.0,0.023081,0.0
14.0,0.025373,0.0
14.0,0.015326,0.0
13.0,0.022989,0.0
14.0,0.026485,0.0
15.0,0.025373,0.0
11.0,0.038407,0.0
14.0,0.014671,0.0
14.0,0.023081,0.0
12.0,0.022334,0.0
13.0,0.022334,0.0
13.0,0.033493,0.0
15.0,0.025373,0.0
14.0,0.033036,0.0
15.0,0.025373,0.0
12.0,0.033036,0.0
15.0,0.024324,0.0
13.0,0.032734,0.0
15.0,0.037027,0.0
13.0,0.015326,0.0
12.0,0.022989,0.0
13.0,0.023736,0.0
12.0,0.022989,0.0
12.0,0.034148,0.0
12.0,0.022989,0.0
9.0,0.030652,0.0
13.0,0.022334,0.0
11.0,0.030744,0.0
12.0,0.033036,0.0
12.0,0.022989,0.0
11.0,0.030652,0.0
12.0,0.034148,0.0
12.0,0.033036,0.0
8.0,0.04607,0.0
14.0,0.025373,0.0
13.0,0.033783,0.0
12.0,0.033036,0.0
13.0,0.033036,0.0
12.0,0.044196,0.0
15.0,0.016073,0.0
13.0,0.023736,0.0
12.0,0.023736,0.0
14.0,0.023081,0.0
13.0,0.033783,0.0
13.0,0.023081,0.0
10.0,0.030744,0.0
14.0,0.033783,0.0
14.0,0.032734,0.0
15.0,0.027657,0.0
14.0,0.034665,0.0
13.0,0.034665,0.0
12.0,0.044318,0.0
15.0,0.026485,0.0
12.0,0.034148,0.0
15.0,0.039833,0.0
14.0,0.026485,0.0
13.0,0.034148,0.0
12.0,0.034148,0.0
13.0,0.033493,0.0
12.0,0.044196,0.0
11.0,0.038407,0.0
8.0,0.04607,0.0
15.0,0.026485,0.0
14.0,0.034148,0.0
14.0,0.033493,0.0
14.0,0.044196,0.0
16.0,0.018822,0.0
14.0,0.02583,0.0
15.0,0.026485,0.0
13.0,0.036533,0.0
14.0,0.026485,0.0
12.0,0.034148,0.0
11.0,0.036533,0.0
15.0,0.027232,0.0
12.0,0.03424,0.0
15.0,0.037645,0.0
14.0,0.037645,0.0
10.0,0.049566,0.0
15.0,0.02583,0.0
13.0,0.033493,0.0
14.0,0.03424,0.0
12.0,0.044653,0.0
14.0,0.035484,0.0
11.0,0.043894,0.0
15.0,0.026485,0.0
13.0,0.033493,0.0
13.0,0.034148,0.0
10.0,0.044196,0.0
15.0,0.036533,0.0
12.0,0.044196,0.0
13.0,0.048186,0.0
16.0,0.037645,0.0
13.0,0.044653,0.0
16.0,0.007008,0.0
14.0,0.014671,0.0
15.0,0.015418,0.0
15.0,0.014671,0.0
15.0,0.02583,0.0
15.0,0.014671,0.0
13.0,0.022334,0.0
13.0,0.014016,0.0
12.0,0.022426,0.0
14.0,0.024718,0.0
14.0,0.014671,0.0
13.0,0.022334,0.0
15.0,0.02583,0.0
14.0,0.024718,0.0
11.0,0.037752,0.0
14.0,0.015418,0.0
14.0,0.023081,0.0
12.0,0.022426,0.0
13.0,0.023081,0.0
13.0,0.033128,0.0
15.0,0.02583,0.0
14.0,0.033493,0.0
15.0,0.027002,0.0
12.0,0.03401,0.0
15.0,0.02583,0.0
13.0,0.033493,0.0
15.0,0.039178,0.0
13.0,0.015418,0.0
12.0,0.023081,0.0
12.0,0.023828,0.0
13.0,0.023081,0.0
12.0,0.03424,0.0
13.0,0.023081,0.0
11.0,0.030744,0.0
12.0,0.022426,0.0
9.0,0.030836,0.0
12.0,0.033128,0.0
12.0,0.023081,0.0
11.0,0.030744,0.0
12.0,0.03424,0.0
12.0,0.033128,0.0
8.0,0.046162,0.0
14.0,0.027002,0.0
13.0,0.034665,0.0
12.0,0.03401,0.0
13.0,0.034665,0.0
12.0,0.044712,0.0
15.0,0.015418,0.0
13.0,0.023081,0.0
14.0,0.023081,0.0
12.0,0.022426,0.0
13.0,0.033128,0.0
13.0,0.023828,0.0
11.0,0.030836,0.0
14.0,0.03424,0.0
14.0,0.03424,0.0
15.0,0.027002,0.0
12.0,0.03401,0.0
15.0,0.02583,0.0
14.0,0.03424,0.0
13.0,0.033493,0.0
12.0,0.044653,0.0
15.0,0.039178,0.0
14.0,0.027002,0.0
13.0,0.034665,0.0
13.0,0.034665,0.0
12.0,0.03401,0.0
12.0,0.044712,0.0
11.0,0.040648,0.0
8.0,0.047656,0.0
13.0,0.054127,0.0
15.0,0.02583,0.0
14.0,0.033493,0.0
14.0,0.03424,0.0
13.0,0.044653,0.0
13.0,0.054127,0.0
9.0,0.068481,0.0
16.0,0.016661,0.0
14.0,0.025071,0.0
15.0,0.025071,0.0
13.0,0.036655,0.0
14.0,0.025071,0.0
12.0,0.033481,0.0
11.0,0.036655,0.0
15.0,0.025071,0.0
12.0,0.033481,0.0
15.0,0.036655,0.0
14.0,0.036655,0.0
10.0,0.050301,0.0
15.0,0.024324,0.0
13.0,0.032734,0.0
14.0,0.032734,0.0
12.0,0.044318,0.0
14.0,0.035484,0.0
11.0,0.043894,0.0
15.0,0.024324,0.0
13.0,0.032734,0.0
13.0,0.032734,0.0
10.0,0.044318,0.0
15.0,0.035484,0.0
12.0,0.043894,0.0
13.0,0.048831,0.0
16.0,0.035484,0.0
13.0,0.043894,0.0
11.0,0.06378,0.0
16.0,0.01771,0.0
15.0,0.025373,0.0
15.0,0.02612,0.0
15.0,0.025373,0.0
15.0,0.036533,0.0
14.0,0.025373,0.0
12.0,0.033036,0.0
14.0,0.024718,0.0
12.0,0.033128,0.0
12.0,0.03542,0.0
15.0,0.025373,0.0
14.0,0.033036,0.0
14.0,0.036533,0.0
14.0,0.03542,0.0
11.0,0.048454,0.0
15.0,0.02612,0.0
14.0,0.033783,0.0
13.0,0.033783,0.0
13.0,0.033128,0.0
11.0,0.04383,0.0
15.0,0.037704,0.0
12.0,0.044712,0.0
15.0,0.036533,0.0
12.0,0.044196,0.0
15.0,0.04988,0.0
16.0,0.036533,0.0
15.0,0.044196,0.0
14.0,0.043824,0.0
13.0,0.051487,0.0
12.0,0.052234,0.0
13.0,0.062647,0.0
15.0,0.007008,0.0
14.0,0.015418,0.0
15.0,0.015418,0.0
15.0,0.027002,0.0
15.0,0.015418,0.0
12.0,0.023828,0.0
15.0,0.027002,0.0
12.0,0.015418,0.0
11.0,0.023828,0.0
14.0,0.027002,0.0
14.0,0.027002,0.0
11.0,0.040648,0.0
14.0,0.014671,0.0
13.0,0.023081,0.0
11.0,0.023081,0.0
13.0,0.034665,0.0
15.0,0.02583,0.0
12.0,0.03424,0.0
15.0,0.014671,0.0
13.0,0.023081,0.0
14.0,0.023081,0.0
14.0,0.034665,0.0
15.0,0.02583,0.0
13.0,0.03424,0.0
14.0,0.02583,0.0
12.0,0.03424,0.0
14.0,0.039178,0.0
13.0,0.054127,0.0
14.0,0.014016,0.0
11.0,0.022426,0.0
13.0,0.022426,0.0
12.0,0.03401,0.0
13.0,0.022426,0.0
11.0,0.030836,0.0
12.0,0.03401,0.0
11.0,0.022426,0.0
8.0,0.030836,0.0
12.0,0.03401,0.0
12.0,0.03401,0.0
8.0,0.047656,0.0
15.0,0.024718,0.0
14.0,0.033128,0.0
12.0,0.033128,0.0
13.0,0.044712,0.0
14.0,0.014671,0.0
13.0,0.022334,0.0
13.0,0.023081,0.0
13.0,0.022334,0.0
14.0,0.033493,0.0
11.0,0.023081,0.0
10.0,0.030744,0.0
13.0,0.034665,0.0
13.0,0.033493,0.0
13.0,0.046841,0.0
15.0,0.02583,0.0
14.0,0.033493,0.0
12.0,0.03424,0.0
13.0,0.044653,0.0
15.0,0.018838,0.0
14.0,0.027248,0.0
12.0,0.027248,0.0
13.0,0.038832,0.0
10.0,0.037752,0.0
7.0,0.046162,0.0
15.0,0.024718,0.0
12.0,0.033128,0.0
14.0,0.033128,0.0
11.0,0.044712,0.0
12.0,0.052461,0.0
15.0,0.014671,0.0
13.0,0.022334,0.0
14.0,0.023081,0.0
12.0,0.022334,0.0
13.0,0.033493,0.0
13.0,0.023081,0.0
10.0,0.030744,0.0
14.0,0.033493,0.0
14.0,0.034665,0.0
15.0,0.024718,0.0
12.0,0.033128,0.0
14.0,0.033128,0.0
11.0,0.044712,0.0
15.0,0.02583,0.0
14.0,0.033493,0.0
13.0,0.03424,0.0
13.0,0.033493,0.0
11.0,0.044653,0.0
12.0,0.052461,0.0
14.0,0.02583,0.0
13.0,0.033493,0.0
12.0,0.03424,0.0
13.0,0.044653,0.0
11.0,0.037752,0.0
7.0,0.046162,0.0
14.0,0.039178,0.0
13.0,0.046841,0.0
13.0,0.054127,0.0
8.0,0.068481,0.0
16.0,0.01771,0.0
15.0,0.024718,0.0
14.0,0.025373,0.0
14.0,0.03542,0.0
15.0,0.025373,0.0
12.0,0.033036,0.0
15.0,0.03542,0.0
14.0,0.02612,0.0
12.0,0.033128,0.0
11.0,0.036533,0.0
13.0,0.036533,0.0
10.0,0.048454,0.0
15.0,0.025373,0.0
13.0,0.033036,0.0
13.0,0.033783,0.0
10.0,0.044196,0.0
16.0,0.02954,0.0
13.0,0.03795,0.0
15.0,0.02612,0.0
14.0,0.033128,0.0
13.0,0.033783,0.0
12.0,0.04383,0.0
15.0,0.036533,0.0
12.0,0.044196,0.0
14.0,0.037704,0.0
11.0,0.044712,0.0
13.0,0.04988,0.0
16.0,0.016661,0.0
15.0,0.025071,0.0
14.0,0.025071,0.0
14.0,0.036655,0.0
15.0,0.025071,0.0
12.0,0.033481,0.0
15.0,0.036655,0.0
14.0,0.025071,0.0
12.0,0.033481,0.0
11.0,0.036655,0.0
13.0,0.036655,0.0
10.0,0.050301,0.0
15.0,0.024324,0.0
13.0,0.032734,0.0
13.0,0.032734,0.0
10.0,0.044318,0.0
16.0,0.035484,0.0
13.0,0.043894,0.0
15.0,0.024324,0.0
14.0,0.032734,0.0
13.0,0.032734,0.0
12.0,0.044318,0.0
15.0,0.035484,0.0
12.0,0.043894,0.0
14.0,0.035484,0.0
11.0,0.043894,0.0
13.0,0.048831,0.0
11.0,0.06378,0.0
16.0,0.029364,0.0
15.0,0.037027,0.0
15.0,0.037774,0.0
15.0,0.037027,0.0
15.0,0.048186,0.0
14.0,0.037774,0.0
13.0,0.045437,0.0
13.0,0.049358,0.0
13.0,0.048186,0.0
12.0,0.061534,0.0
16.0,0.01771,0.0
15.0,0.024718,0.0
15.0,0.025373,0.0
15.0,0.03542,0.0
14.0,0.025373,0.0
12.0,0.033036,0.0
14.0,0.03542,0.0
14.0,0.02612,0.0
12.0,0.033128,0.0
13.0,0.036533,0.0
11.0,0.036533,0.0
10.0,0.048454,0.0
15.0,0.025373,0.0
13.0,0.033036,0.0
13.0,0.033783,0.0
10.0,0.044196,0.0
16.0,0.03542,0.0
13.0,0.04383,0.0
15.0,0.02612,0.0
14.0,0.033128,0.0
13.0,0.033783,0.0
12.0,0.04383,0.0
15.0,0.036533,0.0
12.0,0.044196,0.0
14.0,0.037704,0.0
11.0,0.044712,0.0
13.0,0.04988,0.0
12.0,0.030744,0.0
11.0,0.037752,0.0
11.0,0.038407,0.0
10.0,0.048454,0.0
11.0,0.038407,0.0
8.0,0.04607,0.0
10.0,0.048454,0.0
11.0,0.039154,0.0
7.0,0.046162,0.0
10.0,0.049566,0.0
10.0,0.049566,0.0
5.0,0.061488,0.0
16.0,0.016661,0.0
15.0,0.025071,0.0
15.0,0.025071,0.0
15.0,0.036655,0.0
14.0,0.025071,0.0
12.0,0.033481,0.0
14.0,0.036655,0.0
14.0,0.025071,0.0
12.0,0.033481,0.0
13.0,0.036655,0.0
11.0,0.036655,0.0
10.0,0.050301,0.0
15.0,0.024324,0.0
13.0,0.032734,0.0
13.0,0.032734,0.0
10.0,0.044318,0.0
16.0,0.035484,0.0
13.0,0.043894,0.0
15.0,0.024324,0.0
14.0,0.032734,0.0
13.0,0.032734,0.0
12.0,0.044318,0.0
15.0,0.035484,0.0
12.0,0.043894,0.0
14.0,0.035484,0.0
11.0,0.043894,0.0
13.0,0.048831,0.0
11.0,0.06378,0.0
12.0,0.028032,0.0
11.0,0.036442,0.0
11.0,0.036442,0.0
10.0,0.048026,0.0
11.0,0.036442,0.0
8.0,0.044852,0.0
10.0,0.048026,0.0
11.0,0.036442,0.0
8.0,0.044852,0.0
10.0,0.048026,0.0
10.0,0.048026,0.0
5.0,0.061672,0.0
15.0,0.042233,0.0
13.0,0.050643,0.0
13.0,0.050643,0.0
11.0,0.062227,0.0
16.0,0.029364,0.0
15.0,0.037027,0.0
15.0,0.037774,0.0
15.0,0.037027,0.0
15.0,0.048186,0.0
14.0,0.037774,0.0
13.0,0.045437,0.0
13.0,0.049358,0.0
13.0,0.048186,0.0
12.0,0.061534,0.0
15.0,0.042233,0.0
13.0,0.050643,0.0
13.0,0.050643,0.0
11.0,0.062227,0.0
11.0,0.057846,0.0
8.0,0.066256,0.0
16.0,0.01771,0.0
15.0,0.025373,0.0
15.0,0.02612,0.0
15.0,0.036533,0.0
15.0,0.024718,0.0
12.0,0.033128,0.0
14.0,0.03542,0.0
15.0,0.025373,0.0
14.0,0.033036,0.0
16.0,0.036533,0.0
15.0,0.02954,0.0
11.0,0.048454,0.0
15.0,0.02612,0.0
14.0,0.033783,0.0
14.0,0.033128,0.0
13.0,0.04383,0.0
16.0,0.037704,0.0
13.0,0.044712,0.0
15.0,0.025373,0.0
14.0,0.033036,0.0
14.0,0.033783,0.0
14.0,0.044196,0.0
16.0,0.03542,0.0
13.0,0.04383,0.0
16.0,0.036533,0.0
15.0,0.044196,0.0
13.0,0.063164,0.0
15.0,0.042233,0.0
13.0,0.050643,0.0
13.0,0.050643,0.0
11.0,0.062227,0.0
12.0,0.057846,0.0
9.0,0.066256,0.0
11.0,0.074604,0.0
15.0,0.007663,0.0
14.0,0.015326,0.0
14.0,0.016073,0.0
14.0,0.015326,0.0
15.0,0.026485,0.0
14.0,0.015326,0.0
12.0,0.022989,0.0
14.0,0.014671,0.0
12.0,0.023081,0.0
15.0,0.025373,0.0
13.0,0.015326,0.0
12.0,0.022989,0.0
14.0,0.026485,0.0
14.0,0.025373,0.0
11.0,0.038407,0.0
14.0,0.016073,0.0
13.0,0.023736,0.0
13.0,0.023081,0.0
12.0,0.023736,0.0
13.0,0.033783,0.0
15.0,0.026485,0.0
14.0,0.034148,0.0
15.0,0.027657,0.0
13.0,0.034665,0.0
15.0,0.026485,0.0
13.0,0.034148,0.0
14.0,0.039833,0.0
14.0,0.014671,0.0
13.0,0.023081,0.0
13.0,0.022334,0.0
12.0,0.022334,0.0
13.0,0.033493,0.0
11.0,0.023081,0.0
10.0,0.030744,0.0
13.0,0.034665,0.0
13.0,0.033493,0.0
12.0,0.046841,0.0
15.0,0.025373,0.0
14.0,0.033036,0.0
14.0,0.015326,0.0
13.0,0.022989,0.0
13.0,0.023736,0.0
13.0,0.022989,0.0
14.0,0.034148,0.0
13.0,0.022989,0.0
11.0,0.030652,0.0
13.0,0.022334,0.0
11.0,0.030744,0.0
14.0,0.033036,0.0
12.0,0.022989,0.0
11.0,0.030652,0.0
12.0,0.034148,0.0
12.0,0.033036,0.0
10.0,0.04607,0.0
15.0,0.026485,0.0
14.0,0.034148,0.0
14.0,0.033493,0.0
14.0,0.034148,0.0
14.0,0.044196,0.0
15.0,0.019493,0.0
14.0,0.027903,0.0
14.0,0.027156,0.0
14.0,0.027156,0.0
14.0,0.038316,0.0
10.0,0.038407,0.0
9.0,0.04607,0.0
15.0,0.025373,0.0
13.0,0.033783,0.0
13.0,0.033036,0.0
10.0,0.044196,0.0
13.0,0.053116,0.0
15.0,0.024324,0.0
13.0,0.032734,0.0
13.0,0.032734,0.0
10.0,0.044318,0.0
13.0,0.051487,0.0
14.0,0.037027,0.0
12.0,0.045437,0.0
9.0,0.067307,0.0
16.0,0.018822,0.0
15.0,0.026485,0.0
14.0,0.027232,0.0
15.0,0.026485,0.0
14.0,0.037645,0.0
14.0,0.026485,0.0
12.0,0.034148,0.0
15.0,0.02583,0.0
12.0,0.03424,0.0
14.0,0.036533,0.0
14.0,0.026485,0.0
12.0,0.034148,0.0
11.0,0.037645,0.0
14.0,0.036533,0.0
10.0,0.049566,0.0
15.0,0.02583,0.0
13.0,0.03424,0.0
13.0,0.033493,0.0
13.0,0.033493,0.0
10.0,0.044653,0.0
16.0,0.036533,0.0
14.0,0.044196,0.0
15.0,0.036533,0.0
12.0,0.044196,0.0
15.0,0.035484,0.0
12.0,0.043894,0.0
14.0,0.048186,0.0
16.0,0.03217,0.0
15.0,0.039833,0.0
15.0,0.039178,0.0
14.0,0.039833,0.0
14.0,0.04988,0.0
14.0,0.039178,0.0
12.0,0.046841,0.0
13.0,0.04988,0.0
13.0,0.048831,0.0
10.0,0.061534,0.0
16.0,0.01771,0.0
15.0,0.025373,0.0
15.0,0.02612,0.0
14.0,0.025373,0.0
14.0,0.036533,0.0
15.0,0.025373,0.0
12.0,0.033036,0.0
14.0,0.024718,0.0
12.0,0.033128,0.0
14.0,0.03542,0.0
14.0,0.025373,0.0
12.0,0.033036,0.0
14.0,0.036533,0.0
11.0,0.03542,0.0
10.0,0.048454,0.0
15.0,0.02612,0.0
13.0,0.033783,0.0
13.0,0.033128,0.0
13.0,0.033783,0.0
10.0,0.04383,0.0
16.0,0.036533,0.0
14.0,0.044196,0.0
15.0,0.037704,0.0
12.0,0.044712,0.0
15.0,0.036533,0.0
12.0,0.044196,0.0
14.0,0.04988,0.0
16.0,0.029364,0.0
15.0,0.037774,0.0
15.0,0.037027,0.0
14.0,0.037027,0.0
14.0,0.048186,0.0
14.0,0.037774,0.0
12.0,0.045437,0.0
13.0,0.049358,0.0
13.0,0.048186,0.0
10.0,0.061534,0.0
12.0,0.030744,0.0
11.0,0.038407,0.0
11.0,0.039154,0.0
11.0,0.038407,0.0
11.0,0.049566,0.0
11.0,0.038407,0.0
8.0,0.04607,0.0
11.0,0.037752,0.0
8.0,0.046162,0.0
11.0,0.048454,0.0
11.0,0.038407,0.0
10.0,0.04607,0.0
10.0,0.049566,0.0
10.0,0.048454,0.0
7.0,0.061488,0.0
10.0,0.059644,0.0
9.0,0.067307,0.0
16.0,0.018822,0.0
15.0,0.026485,0.0
15.0,0.027232,0.0
15.0,0.037645,0.0
15.0,0.02583,0.0
12.0,0.03424,0.0
16.0,0.036533,0.0
15.0,0.026485,0.0
14.0,0.034148,0.0
14.0,0.037645,0.0
15.0,0.030653,0.0
11.0,0.049566,0.0
15.0,0.026485,0.0
14.0,0.033493,0.0
14.0,0.034148,0.0
14.0,0.038316,0.0
15.0,0.02583,0.0
14.0,0.03424,0.0
14.0,0.033493,0.0
13.0,0.044653,0.0
16.0,0.036533,0.0
15.0,0.044196,0.0
16.0,0.037645,0.0
13.0,0.044653,0.0
16.0,0.035484,0.0
13.0,0.043894,0.0
13.0,0.062647,0.0
15.0,0.047119,0.0
13.0,0.054127,0.0
13.0,0.054127,0.0
11.0,0.06378,0.0
12.0,0.061473,0.0
9.0,0.068481,0.0
11.0,0.076573,0.0
16.0,0.01771,0.0
15.0,0.025373,0.0
15.0,0.02612,0.0
16.0,0.036533,0.0
15.0,0.024718,0.0
12.0,0.033128,0.0
15.0,0.03542,0.0
15.0,0.025373,0.0
14.0,0.033036,0.0
15.0,0.036533,0.0
14.0,0.02954,0.0
11.0,0.048454,0.0
15.0,0.02612,0.0
14.0,0.033128,0.0
14.0,0.033783,0.0
13.0,0.03795,0.0
15.0,0.025373,0.0
14.0,0.033783,0.0
14.0,0.033036,0.0
14.0,0.044196,0.0
16.0,0.036533,0.0
15.0,0.044196,0.0
16.0,0.037704,0.0
13.0,0.044712,0.0
16.0,0.03542,0.0
13.0,0.04383,0.0
13.0,0.063164,0.0
15.0,0.042233,0.0
13.0,0.050643,0.0
13.0,0.050643,0.0
11.0,0.062227,0.0
12.0,0.057846,0.0
9.0,0.066256,0.0
11.0,0.074604,0.0
11.0,0.030744,0.0
10.0,0.038407,0.0
10.0,0.039154,0.0
11.0,0.049566,0.0
10.0,0.037752,0.0
7.0,0.046162,0.0
11.0,0.048454,0.0
10.0,0.038407,0.0
9.0,0.04607,0.0
11.0,0.049566,0.0
11.0,0.042574,0.0
6.0,0.061488,0.0
14.0,0.045453,0.0
12.0,0.052461,0.0
12.0,0.053116,0.0
12.0,0.057283,0.0
14.0,0.043824,0.0
12.0,0.052234,0.0
12.0,0.051487,0.0
12.0,0.062647,0.0
10.0,0.059644,0.0
9.0,0.067307,0.0
14.0,0.045453,0.0
12.0,0.053116,0.0
12.0,0.052461,0.0
12.0,0.063164,0.0
10.0,0.061473,0.0
7.0,0.068481,0.0
11.0,0.076573,0.0
14.0,0.043824,0.0
12.0,0.051487,0.0
12.0,0.052234,0.0
12.0,0.062647,0.0
10.0,0.057846,0.0
7.0,0.066256,0.0
11.0,0.074604,0.0
10.0,0.059644,0.0
9.0,0.067307,0.0
11.0,0.076573,0.0
11.0,0.074604,0.0
4.0,0.092324,0.0
16.0,0.070461,0.012033147168134669
13.0,0.077469,0.012033147168134669
15.0,0.077469,0.012033147168134669
14.0,0.087122,0.012033147168134669
15.0,0.077469,0.012033147168134669
12.0,0.084477,0.012033147168134669
14.0,0.087122,0.012033147168134669
15.0,0.077469,0.012033147168134669
12.0,0.084477,0.012033147168134669
15.0,0.087122,0.012033147168134669
15.0,0.087122,0.012033147168134669
11.0,0.098493,0.012033147168134669
16.0,0.078124,0.012033147168134669
14.0,0.085132,0.012033147168134669
15.0,0.085132,0.012033147168134669
14.0,0.094785,0.012033147168134669
15.0,0.088171,0.012033147168134669
13.0,0.095179,0.012033147168134669
15.0,0.078124,0.012033147168134669
12.0,0.085132,0.012033147168134669
14.0,0.085132,0.012033147168134669
13.0,0.094785,0.012033147168134669
15.0,0.088171,0.012033147168134669
13.0,0.095179,0.012033147168134669
14.0,0.099825,0.012033147168134669
16.0,0.088171,0.012033147168134669
13.0,0.095179,0.012033147168134669
13.0,0.112694,0.012033147168134669
16.0,0.078124,0.012033147168134669
13.0,0.085787,0.012033147168134669
14.0,0.085132,0.012033147168134669
14.0,0.085787,0.012033147168134669
14.0,0.095834,0.012033147168134669
15.0,0.085132,0.012033147168134669
12.0,0.092795,0.012033147168134669
14.0,0.094785,0.012033147168134669
15.0,0.095834,0.012033147168134669
15.0,0.088171,0.012033147168134669
14.0,0.095834,0.012033147168134669
13.0,0.095179,0.012033147168134669
13.0,0.105881,0.012033147168134669
15.0,0.078871,0.012033147168134669
12.0,0.085879,0.012033147168134669
14.0,0.085879,0.012033147168134669
12.0,0.095532,0.012033147168134669
14.0,0.085879,0.012033147168134669
11.0,0.092887,0.012033147168134669
12.0,0.095532,0.012033147168134669
12.0,0.085879,0.012033147168134669
9.0,0.092887,0.012033147168134669
13.0,0.095532,0.012033147168134669
13.0,0.095532,0.012033147168134669
8.0,0.106903,0.012033147168134669
16.0,0.089283,0.012033147168134669
14.0,0.096291,0.012033147168134669
14.0,0.096291,0.012033147168134669
11.0,0.105944,0.012033147168134669
16.0,0.089283,0.012033147168134669
14.0,0.096291,0.012033147168134669
14.0,0.096291,0.012033147168134669
11.0,0.105944,0.012033147168134669
12.0,0.101205,0.012033147168134669
9.0,0.108213,0.012033147168134669
16.0,0.089283,0.012033147168134669
13.0,0.096291,0.012033147168134669
15.0,0.096291,0.012033147168134669
13.0,0.105944,0.012033147168134669
15.0,0.078124,0.012033147168134669
14.0,0.085787,0.012033147168134669
14.0,0.085132,0.012033147168134669
13.0,0.085787,0.012033147168134669
14.0,0.095834,0.012033147168134669
12.0,0.085132,0.012033147168134669
11.0,0.092795,0.012033147168134669
14.0,0.095834,0.012033147168134669
13.0,0.094785,0.012033147168134669
12.0,0.107488,0.012033147168134669
15.0,0.088171,0.012033147168134669
14.0,0.095834,0.012033147168134669
13.0,0.095179,0.012033147168134669
14.0,0.095834,0.012033147168134669
10.0,0.105881,0.012033147168134669
14.0,0.099825,0.012033147168134669
12.0,0.107488,0.012033147168134669
16.0,0.089283,0.012033147168134669
13.0,0.096291,0.012033147168134669
15.0,0.096291,0.012033147168134669
13.0,0.105944,0.012033147168134669
16.0,0.088171,0.012033147168134669
13.0,0.095179,0.012033147168134669
15.0,0.095834,0.012033147168134669
13.0,0.105881,0.012033147168134669
13.0,0.112694,0.012033147168134669
11.0,0.101205,0.012033147168134669
8.0,0.108213,0.012033147168134669
13.0,0.114285,0.012033147168134669
13.0,0.114285,0.012033147168134669
7.0,0.128307,0.012033147168134669
12.0,0.131169,0.021912738631166172
11.0,0.138832,0.021912738631166172
11.0,0.139579,0.021912738631166172
12.0,0.149992,0.021912738631166172
11.0,0.138177,0.021912738631166172
8.0,0.146587,0.021912738631166172
12.0,0.14888,0.021912738631166172
11.0,0.138832,0.021912738631166172
10.0,0.146495,0.021912738631166172
12.0,0.149992,0.021912738631166172
12.0,0.14888,0.021912738631166172
7.0,0.161913,0.021912738631166172
15.0,0.105765,0.017976790721104318
13.0,0.112773,0.017976790721104318
13.0,0.112773,0.017976790721104318
12.0,0.122426,0.017976790721104318
14.0,0.112773,0.017976790721104318
11.0,0.119781,0.017976790721104318
13.0,0.122426,0.017976790721104318
14.0,0.112773,0.017976790721104318
11.0,0.119781,0.017976790721104318
13.0,0.122426,0.017976790721104318
14.0,0.122426,0.017976790721104318
9.0,0.133797,0.017976790721104318
15.0,0.113428,0.017976790721104318
12.0,0.120436,0.017976790721104318
14.0,0.120436,0.017976790721104318
12.0,0.130089,0.017976790721104318
14.0,0.123475,0.017976790721104318
12.0,0.130483,0.017976790721104318
14.0,0.113428,0.017976790721104318
12.0,0.120436,0.017976790721104318
12.0,0.120436,0.017976790721104318
11.0,0.130089,0.017976790721104318
15.0,0.123475,0.017976790721104318
12.0,0.130483,0.017976790721104318
14.0,0.135129,0.017976790721104318
16.0,0.123475,0.017976790721104318
13.0,0.130483,0.017976790721104318
10.0,0.147998,0.017976790721104318
15.0,0.100798,0.016989508401885362
13.0,0.107806,0.016989508401885362
13.0,0.108461,0.016989508401885362
12.0,0.118508,0.016989508401885362
14.0,0.108461,0.016989508401885362
11.0,0.116124,0.016989508401885362
13.0,0.118508,0.016989508401885362
14.0,0.109208,0.016989508401885362
11.0,0.116216,0.016989508401885362
13.0,0.119621,0.016989508401885362
14.0,0.119621,0.016989508401885362
9.0,0.131542,0.016989508401885362
15.0,0.107806,0.016989508401885362
12.0,0.115469,0.016989508401885362
14.0,0.116216,0.016989508401885362
12.0,0.126629,0.016989508401885362
14.0,0.117459,0.016989508401885362
12.0,0.125869,0.016989508401885362
14.0,0.108461,0.016989508401885362
12.0,0.115469,0.016989508401885362
12.0,0.116124,0.016989508401885362
11.0,0.126171,0.016989508401885362
15.0,0.118508,0.016989508401885362
12.0,0.126171,0.016989508401885362
14.0,0.130162,0.016989508401885362
16.0,0.119621,0.016989508401885362
13.0,0.126629,0.016989508401885362
15.0,0.131169,0.021912738631166172
14.0,0.138832,0.021912738631166172
14.0,0.139579,0.021912738631166172
14.0,0.138832,0.021912738631166172
14.0,0.149992,0.021912738631166172
14.0,0.138832,0.021912738631166172
11.0,0.146495,0.021912738631166172
14.0,0.138177,0.021912738631166172
11.0,0.146587,0.021912738631166172
14.0,0.14888,0.021912738631166172
14.0,0.138832,0.021912738631166172
13.0,0.146495,0.021912738631166172
14.0,0.149992,0.021912738631166172
13.0,0.14888,0.021912738631166172
10.0,0.161913,0.021912738631166172
15.0,0.105765,0.017976790721104318
13.0,0.112773,0.017976790721104318
14.0,0.112773,0.017976790721104318
13.0,0.122426,0.017976790721104318
13.0,0.112773,0.017976790721104318
11.0,0.119781,0.017976790721104318
12.0,0.122426,0.017976790721104318
14.0,0.112773,0.017976790721104318
11.0,0.119781,0.017976790721104318
14.0,0.122426,0.017976790721104318
13.0,0.122426,0.017976790721104318
9.0,0.133797,0.017976790721104318
15.0,0.113428,0.017976790721104318
12.0,0.120436,0.017976790721104318
14.0,0.120436,0.017976790721104318
12.0,0.130089,0.017976790721104318
14.0,0.123475,0.017976790721104318
12.0,0.130483,0.017976790721104318
14.0,0.113428,0.017976790721104318
12.0,0.120436,0.017976790721104318
12.0,0.120436,0.017976790721104318
11.0,0.130089,0.017976790721104318
15.0,0.123475,0.017976790721104318
12.0,0.130483,0.017976790721104318
14.0,0.135129,0.017976790721104318
16.0,0.123475,0.017976790721104318
13.0,0.130483,0.017976790721104318
10.0,0.147998,0.017976790721104318
15.0,0.105765,0.017976790721104318
14.0,0.112773,0.017976790721104318
13.0,0.112773,0.017976790721104318
13.0,0.122426,0.017976790721104318
14.0,0.112773,0.017976790721104318
11.0,0.119781,0.017976790721104318
14.0,0.122426,0.017976790721104318
13.0,0.112773,0.017976790721104318
11.0,0.119781,0.017976790721104318
12.0,0.122426,0.017976790721104318
13.0,0.122426,0.017976790721104318
9.0,0.133797,0.017976790721104318
14.0,0.113428,0.017976790721104318
12.0,0.120436,0.017976790721104318
12.0,0.120436,0.017976790721104318
11.0,0.130089,0.017976790721104318
16.0,0.117595,0.017976790721104318
13.0,0.124603,0.017976790721104318
15.0,0.113428,0.017976790721104318
14.0,0.120436,0.017976790721104318
12.0,0.120436,0.017976790721104318
12.0,0.130089,0.017976790721104318
15.0,0.123475,0.017976790721104318
12.0,0.130483,0.017976790721104318
14.0,0.123475,0.017976790721104318
12.0,0.130483,0.017976790721104318
14.0,0.135129,0.017976790721104318
10.0,0.147998,0.017976790721104318
15.0,0.105765,0.017976790721104318
14.0,0.112773,0.017976790721104318
14.0,0.112773,0.017976790721104318
14.0,0.122426,0.017976790721104318
13.0,0.112773,0.017976790721104318
11.0,0.119781,0.017976790721104318
13.0,0.122426,0.017976790721104318
13.0,0.112773,0.017976790721104318
11.0,0.119781,0.017976790721104318
13.0,0.122426,0.017976790721104318
12.0,0.122426,0.017976790721104318
9.0,0.133797,0.017976790721104318
14.0,0.113428,0.017976790721104318
12.0,0.120436,0.017976790721104318
12.0,0.120436,0.017976790721104318
11.0,0.130089,0.017976790721104318
16.0,0.123475,0.017976790721104318
13.0,0.130483,0.017976790721104318
15.0,0.113428,0.017976790721104318
14.0,0.120436,0.017976790721104318
12.0,0.120436,0.017976790721104318
12.0,0.130089,0.017976790721104318
15.0,0.123475,0.017976790721104318
12.0,0.130483,0.017976790721104318
14.0,0.123475,0.017976790721104318
12.0,0.130483,0.017976790721104318
14.0,0.135129,0.017976790721104318
10.0,0.147998,0.017976790721104318
13.0,0.141118,0.023872852894806517
11.0,0.148126,0.023872852894806517
12.0,0.148126,0.023872852894806517
11.0,0.157779,0.023872852894806517
12.0,0.148126,0.023872852894806517
9.0,0.155134,0.023872852894806517
11.0,0.157779,0.023872852894806517
11.0,0.148126,0.023872852894806517
8.0,0.155134,0.023872852894806517
11.0,0.157779,0.023872852894806517
11.0,0.157779,0.023872852894806517
6.0,0.16915,0.023872852894806517
15.0,0.171536,0.028750436945683806
13.0,0.178544,0.028750436945683806
13.0,0.178544,0.028750436945683806
11.0,0.188198,0.028750436945683806
13.0,0.131169,0.021912738631166172
12.0,0.139579,0.021912738631166172
12.0,0.138832,0.021912738631166172
11.0,0.149992,0.021912738631166172
12.0,0.138832,0.021912738631166172
9.0,0.146495,0.021912738631166172
11.0,0.149992,0.021912738631166172
12.0,0.138177,0.021912738631166172
8.0,0.146587,0.021912738631166172
11.0,0.14888,0.021912738631166172
11.0,0.14888,0.021912738631166172
6.0,0.161913,0.021912738631166172
15.0,0.171536,0.028750436945683806
13.0,0.178544,0.028750436945683806
13.0,0.178544,0.028750436945683806
11.0,0.188198,0.028750436945683806
11.0,0.201988,0.033595931395551656
8.0,0.208996,0.033595931395551656
15.0,0.171536,0.028750436945683806
13.0,0.178544,0.028750436945683806
13.0,0.178544,0.028750436945683806
11.0,0.188198,0.028750436945683806
12.0,0.201988,0.033595931395551656
9.0,0.208996,0.033595931395551656
10.0,0.232473,0.03840975572082807
15.0,0.100798,0.016989508401885362
13.0,0.107806,0.016989508401885362
14.0,0.108461,0.016989508401885362
13.0,0.118508,0.016989508401885362
13.0,0.108461,0.016989508401885362
11.0,0.116124,0.016989508401885362
12.0,0.118508,0.016989508401885362
14.0,0.109208,0.016989508401885362
11.0,0.116216,0.016989508401885362
14.0,0.119621,0.016989508401885362
13.0,0.119621,0.016989508401885362
9.0,0.131542,0.016989508401885362
15.0,0.107806,0.016989508401885362
12.0,0.115469,0.016989508401885362
14.0,0.116216,0.016989508401885362
12.0,0.126629,0.016989508401885362
14.0,0.117459,0.016989508401885362
12.0,0.125869,0.016989508401885362
14.0,0.108461,0.016989508401885362
12.0,0.115469,0.016989508401885362
12.0,0.116124,0.016989508401885362
11.0,0.126171,0.016989508401885362
15.0,0.118508,0.016989508401885362
12.0,0.126171,0.016989508401885362
14.0,0.130162,0.016989508401885362
16.0,0.119621,0.016989508401885362
13.0,0.126629,0.016989508401885362
15.0,0.095833,0.016000900871101793
14.0,0.102841,0.016000900871101793
13.0,0.103495,0.016000900871101793
13.0,0.113543,0.016000900871101793
14.0,0.103495,0.016000900871101793
11.0,0.111158,0.016000900871101793
14.0,0.113543,0.016000900871101793
13.0,0.104243,0.016000900871101793
11.0,0.111251,0.016000900871101793
12.0,0.114655,0.016000900871101793
13.0,0.114655,0.016000900871101793
9.0,0.126576,0.016000900871101793
14.0,0.103495,0.016000900871101793
12.0,0.111158,0.016000900871101793
12.0,0.111905,0.016000900871101793
11.0,0.122318,0.016000900871101793
16.0,0.107663,0.016000900871101793
13.0,0.116073,0.016000900871101793
15.0,0.104243,0.016000900871101793
14.0,0.111251,0.016000900871101793
12.0,0.111905,0.016000900871101793
12.0,0.121953,0.016000900871101793
15.0,0.114655,0.016000900871101793
12.0,0.122318,0.016000900871101793
14.0,0.115827,0.016000900871101793
12.0,0.122835,0.016000900871101793
14.0,0.128002,0.016000900871101793
15.0,0.095833,0.016000900871101793
14.0,0.102841,0.016000900871101793
14.0,0.103495,0.016000900871101793
14.0,0.113543,0.016000900871101793
13.0,0.103495,0.016000900871101793
11.0,0.111158,0.016000900871101793
13.0,0.113543,0.016000900871101793
13.0,0.104243,0.016000900871101793
11.0,0.111251,0.016000900871101793
13.0,0.114655,0.016000900871101793
12.0,0.114655,0.016000900871101793
9.0,0.126576,0.016000900871101793
14.0,0.103495,0.016000900871101793
12.0,0.111158,0.016000900871101793
12.0,0.111905,0.016000900871101793
11.0,0.122318,0.016000900871101793
16.0,0.113543,0.016000900871101793
13.0,0.121953,0.016000900871101793
15.0,0.104243,0.016000900871101793
14.0,0.111251,0.016000900871101793
12.0,0.111905,0.016000900871101793
12.0,0.121953,0.016000900871101793
15.0,0.114655,0.016000900871101793
12.0,0.122318,0.016000900871101793
14.0,0.115827,0.016000900871101793
12.0,0.122835,0.016000900871101793
14.0,0.128002,0.016000900871101793
13.0,0.131169,0.02191273863116609
12.0,0.138177,0.02191273863116609
12.0,0.138832,0.02191273863116609
11.0,0.14888,0.02191273863116609
12.0,0.138832,0.02191273863116609
9.0,0.146495,0.02191273863116609
11.0,0.14888,0.02191273863116609
12.0,0.139579,0.02191273863116609
8.0,0.146587,0.02191273863116609
11.0,0.149992,0.02191273863116609
11.0,0.149992,0.02191273863116609
6.0,0.161913,0.02191273863116609
13.0,0.121226,0.01994739390298474
12.0,0.129636,0.01994739390298474
12.0,0.129636,0.01994739390298474
11.0,0.14122,0.01994739390298474
12.0,0.129636,0.01994739390298474
9.0,0.138046,0.01994739390298474
11.0,0.14122,0.01994739390298474
12.0,0.129636,0.01994739390298474
9.0,0.138046,0.01994739390298474
11.0,0.14122,0.01994739390298474
11.0,0.14122,0.01994739390298474
6.0,0.154866,0.01994739390298474
15.0,0.131169,0.021912738631166172
14.0,0.138832,0.021912738631166172
14.0,0.139579,0.021912738631166172
14.0,0.138832,0.021912738631166172
14.0,0.149992,0.021912738631166172
14.0,0.138832,0.021912738631166172
11.0,0.146495,0.021912738631166172
14.0,0.138177,0.021912738631166172
11.0,0.146587,0.021912738631166172
14.0,0.14888,0.021912738631166172
14.0,0.138832,0.021912738631166172
13.0,0.146495,0.021912738631166172
14.0,0.149992,0.021912738631166172
13.0,0.14888,0.021912738631166172
10.0,0.161913,0.021912738631166172
15.0,0.171536,0.028750436945683806
13.0,0.178544,0.028750436945683806
13.0,0.178544,0.028750436945683806
11.0,0.188198,0.028750436945683806
12.0,0.201988,0.033595931395551656
9.0,0.208996,0.033595931395551656
10.0,0.232473,0.03840975572082807
12.0,0.131169,0.02191273863116609
11.0,0.138832,0.02191273863116609
11.0,0.139579,0.02191273863116609
12.0,0.149992,0.02191273863116609
11.0,0.138177,0.02191273863116609
8.0,0.146587,0.02191273863116609
12.0,0.14888,0.02191273863116609
11.0,0.138832,0.02191273863116609
10.0,0.146495,0.02191273863116609
12.0,0.149992,0.02191273863116609
12.0,0.142999,0.02191273863116609
7.0,0.161913,0.02191273863116609
12.0,0.201988,0.03359593139555157
9.0,0.208996,0.03359593139555157
11.0,0.232473,0.03840975572082807
11.0,0.232473,0.03840975572082807
5.0,0.262991,0.043192321226196845
16.0,0.059469,0.010033529641272755
13.0,0.067879,0.010033529641272755
15.0,0.067879,0.010033529641272755
14.0,0.079464,0.010033529641272755
15.0,0.067879,0.010033529641272755
12.0,0.076289,0.010033529641272755
14.0,0.079464,0.010033529641272755
15.0,0.067879,0.010033529641272755
12.0,0.076289,0.010033529641272755
15.0,0.079464,0.010033529641272755
15.0,0.079464,0.010033529641272755
11.0,0.093109,0.010033529641272755
16.0,0.067132,0.010033529641272755
14.0,0.075542,0.010033529641272755
15.0,0.075542,0.010033529641272755
14.0,0.087127,0.010033529641272755
15.0,0.078292,0.010033529641272755
13.0,0.086702,0.010033529641272755
15.0,0.067132,0.010033529641272755
12.0,0.075542,0.010033529641272755
14.0,0.075542,0.010033529641272755
13.0,0.087127,0.010033529641272755
15.0,0.078292,0.010033529641272755
13.0,0.086702,0.010033529641272755
14.0,0.091639,0.010033529641272755
16.0,0.078292,0.010033529641272755
13.0,0.086702,0.010033529641272755
13.0,0.106588,0.010033529641272755
16.0,0.067132,0.010033529641272755
14.0,0.075542,0.010033529641272755
13.0,0.074795,0.010033529641272755
15.0,0.074795,0.010033529641272755
14.0,0.085955,0.010033529641272755
15.0,0.075542,0.010033529641272755
12.0,0.083205,0.010033529641272755
14.0,0.087127,0.010033529641272755
16.0,0.085955,0.010033529641272755
15.0,0.078292,0.010033529641272755
14.0,0.085955,0.010033529641272755
13.0,0.086702,0.010033529641272755
14.0,0.097114,0.010033529641272755
15.0,0.066477,0.010033529641272755
12.0,0.074887,0.010033529641272755
14.0,0.074887,0.010033529641272755
12.0,0.086472,0.010033529641272755
14.0,0.074887,0.010033529641272755
11.0,0.083297,0.010033529641272755
12.0,0.086472,0.010033529641272755
12.0,0.074887,0.010033529641272755
9.0,0.083297,0.010033529641272755
13.0,0.086472,0.010033529641272755
13.0,0.086472,0.010033529641272755
8.0,0.100117,0.010033529641272755
16.0,0.07718,0.010033529641272755
14.0,0.08559,0.010033529641272755
14.0,0.08559,0.010033529641272755
11.0,0.097174,0.010033529641272755
16.0,0.07718,0.010033529641272755
14.0,0.08559,0.010033529641272755
14.0,0.08559,0.010033529641272755
11.0,0.097174,0.010033529641272755
12.0,0.090213,0.010033529641272755
9.0,0.098623,0.010033529641272755
16.0,0.07718,0.010033529641272755
13.0,0.08559,0.010033529641272755
15.0,0.08559,0.010033529641272755
13.0,0.097174,0.010033529641272755
15.0,0.067132,0.010033529641272755
14.0,0.075542,0.010033529641272755
15.0,0.074795,0.010033529641272755
13.0,0.074795,0.010033529641272755
14.0,0.085955,0.010033529641272755
12.0,0.075542,0.010033529641272755
11.0,0.083205,0.010033529641272755
13.0,0.087127,0.010033529641272755
14.0,0.085955,0.010033529641272755
13.0,0.099302,0.010033529641272755
15.0,0.078292,0.010033529641272755
13.0,0.086702,0.010033529641272755
14.0,0.085955,0.010033529641272755
14.0,0.085955,0.010033529641272755
11.0,0.097114,0.010033529641272755
14.0,0.091639,0.010033529641272755
13.0,0.099302,0.010033529641272755
16.0,0.078292,0.010033529641272755
13.0,0.086702,0.010033529641272755
16.0,0.085955,0.010033529641272755
14.0,0.097114,0.010033529641272755
13.0,0.106588,0.010033529641272755
16.0,0.07718,0.010033529641272755
13.0,0.08559,0.010033529641272755
15.0,0.08559,0.010033529641272755
13.0,0.097174,0.010033529641272755
11.0,0.090213,0.010033529641272755
8.0,0.098623,0.010033529641272755
13.0,0.104923,0.010033529641272755
13.0,0.104923,0.010033529641272755
8.0,0.120942,0.010033529641272755
13.0,0.12993,0.022066676809407423
12.0,0.137593,0.022066676809407423
12.0,0.13834,0.022066676809407423
13.0,0.148753,0.022066676809407423
12.0,0.136938,0.022066676809407423
9.0,0.145348,0.022066676809407423
13.0,0.14764,0.022066676809407423
12.0,0.137593,0.022066676809407423
11.0,0.145256,0.022066676809407423
13.0,0.148753,0.022066676809407423
13.0,0.14764,0.022066676809407423
8.0,0.160674,0.022066676809407423
13.0,0.165234,0.02801032036237707
11.0,0.172242,0.02801032036237707
12.0,0.172897,0.02801032036237707
13.0,0.182945,0.02801032036237707
14.0,0.160267,0.027023038043158115
12.0,0.168677,0.027023038043158115
13.0,0.16793,0.027023038043158115
14.0,0.17909,0.027023038043158115
13.0,0.165234,0.02801032036237707
12.0,0.172897,0.02801032036237707
11.0,0.172242,0.02801032036237707
13.0,0.182945,0.02801032036237707
14.0,0.165234,0.02801032036237707
14.0,0.172897,0.02801032036237707
12.0,0.172242,0.02801032036237707
13.0,0.182945,0.02801032036237707
14.0,0.165234,0.02801032036237707
14.0,0.172897,0.02801032036237707
12.0,0.172242,0.02801032036237707
13.0,0.182945,0.02801032036237707
11.0,0.200587,0.03390638253607927
8.0,0.207595,0.03390638253607927
13.0,0.231006,0.03878396658695656
14.0,0.160267,0.027023038043158115
13.0,0.16793,0.027023038043158115
12.0,0.168677,0.027023038043158115
14.0,0.17909,0.027023038043158115
15.0,0.155302,0.02603443051237455
14.0,0.163712,0.02603443051237455
13.0,0.163712,0.02603443051237455
13.0,0.175296,0.02603443051237455
15.0,0.155302,0.02603443051237455
14.0,0.163712,0.02603443051237455
13.0,0.163712,0.02603443051237455
13.0,0.175296,0.02603443051237455
12.0,0.190639,0.03194626827243884
9.0,0.199049,0.03194626827243884
13.0,0.231006,0.03878396658695656
12.0,0.190639,0.03194626827243884
9.0,0.199049,0.03194626827243884
9.0,0.261458,0.04362946103682433
12.0,0.128824,0.02187632632059112
11.0,0.136487,0.02187632632059112
11.0,0.137234,0.02187632632059112
12.0,0.147646,0.02187632632059112
11.0,0.135832,0.02187632632059112
8.0,0.144242,0.02187632632059112
12.0,0.146534,0.02187632632059112
11.0,0.136487,0.02187632632059112
10.0,0.14415,0.02187632632059112
12.0,0.147646,0.02187632632059112
12.0,0.146534,0.02187632632059112
7.0,0.159568,0.02187632632059112
8.0,0.259993,0.04378906495175721
16.0,0.967165,0.0
15.0,0.975575,0.0
16.0,0.975575,0.0
16.0,0.987159,0.0
16.0,0.975575,0.0
13.0,0.983985,0.0
16.0,0.987159,0.0
15.0,0.975575,0.0
14.0,0.983985,0.0
16.0,0.987159,0.0
16.0,0.987159,0.0
12.0,1.000805,0.0
15.0,0.974827,0.0
14.0,0.983237,0.0
14.0,0.983237,0.0
15.0,0.994822,0.0
16.0,0.985987,0.0
15.0,0.994397,0.0
15.0,0.974827,0.0
14.0,0.983237,0.0
15.0,0.983237,0.0
15.0,0.994822,0.0
16.0,0.985987,0.0
14.0,0.994397,0.0
16.0,0.985987,0.0
15.0,0.994397,0.0
16.0,0.999334,0.0
14.0,1.014283,0.0
15.0,0.974173,0.0
12.0,0.982583,0.0
14.0,0.982583,0.0
14.0,0.994167,0.0
14.0,0.982583,0.0
12.0,0.990993,0.0
14.0,0.994167,0.0
14.0,0.982583,0.0
11.0,0.990993,0.0
15.0,0.994167,0.0
15.0,0.994167,0.0
11.0,1.007813,0.0
16.0,0.984875,0.0
15.0,0.993285,0.0
15.0,0.993285,0.0
16.0,1.004869,0.0
15.0,0.974827,0.0
13.0,0.98249,0.0
14.0,0.983237,0.0
14.0,0.98249,0.0
14.0,0.99365,0.0
14.0,0.983237,0.0
12.0,0.9909,0.0
15.0,0.994822,0.0
15.0,0.99365,0.0
14.0,1.006997,0.0
16.0,0.985987,0.0
15.0,0.99365,0.0
15.0,0.994397,0.0
16.0,1.004809,0.0
16.0,0.978995,0.0
15.0,0.987405,0.0
15.0,0.987405,0.0
16.0,0.998989,0.0
11.0,0.997908,0.0
10.0,1.006318,0.0
16.0,0.984875,0.0
14.0,0.993285,0.0
15.0,0.993285,0.0
14.0,1.004869,0.0
14.0,1.012618,0.0
15.0,0.974827,0.0
14.0,0.98249,0.0
15.0,0.983237,0.0
13.0,0.98249,0.0
14.0,0.99365,0.0
14.0,0.983237,0.0
12.0,0.9909,0.0
15.0,0.99365,0.0
15.0,0.994822,0.0
16.0,0.984875,0.0
14.0,0.993285,0.0
15.0,0.993285,0.0
14.0,1.004869,0.0
16.0,0.985987,0.0
14.0,0.99365,0.0
14.0,0.994397,0.0
14.0,0.99365,0.0
11.0,1.004809,0.0
14.0,1.012618,0.0
16.0,0.985987,0.0
15.0,0.99365,0.0
15.0,0.994397,0.0
16.0,1.004809,0.0
12.0,0.997908,0.0
11.0,1.006318,0.0
16.0,0.999334,0.0
14.0,1.006997,0.0
14.0,1.014283,0.0
10.0,1.028637,0.0
15.0,0.974827,0.0
14.0,0.981835,0.0
13.0,0.98249,0.0
14.0,0.992538,0.0
15.0,0.98249,0.0
12.0,0.990153,0.0
15.0,0.992538,0.0
15.0,0.983237,0.0
13.0,0.990245,0.0
14.0,0.99365,0.0
15.0,0.99365,0.0
11.0,1.005571,0.0
14.0,0.98249,0.0
12.0,0.990153,0.0
13.0,0.9909,0.0
13.0,1.001313,0.0
15.0,0.986658,0.0
14.0,0.995068,0.0
15.0,0.983237,0.0
14.0,0.990245,0.0
13.0,0.9909,0.0
13.0,1.000948,0.0
15.0,0.99365,0.0
12.0,1.001313,0.0
15.0,0.994822,0.0
14.0,1.00183,0.0
15.0,1.006997,0.0
16.0,0.974173,0.0
14.0,0.982583,0.0
13.0,0.982583,0.0
14.0,0.994167,0.0
15.0,0.982583,0.0
12.0,0.990993,0.0
15.0,0.994167,0.0
15.0,0.982583,0.0
13.0,0.990993,0.0
14.0,0.994167,0.0
15.0,0.994167,0.0
11.0,1.007813,0.0
14.0,0.981835,0.0
12.0,0.990245,0.0
13.0,0.990245,0.0
13.0,1.00183,0.0
15.0,0.992995,0.0
14.0,1.001405,0.0
15.0,0.981835,0.0
14.0,0.990245,0.0
13.0,0.990245,0.0
13.0,1.00183,0.0
15.0,0.992995,0.0
12.0,1.001405,0.0
15.0,0.992995,0.0
14.0,1.001405,0.0
15.0,1.006342,0.0
12.0,1.021291,0.0
16.0,0.984875,0.0
14.0,0.992538,0.0
15.0,0.993285,0.0
15.0,0.992538,0.0
14.0,1.003697,0.0
15.0,0.993285,0.0
13.0,1.000948,0.0
15.0,1.004869,0.0
15.0,1.003697,0.0
14.0,1.017045,0.0
16.0,0.985987,0.0
14.0,0.992995,0.0
14.0,0.99365,0.0
11.0,1.003697,0.0
15.0,0.99365,0.0
12.0,1.001313,0.0
13.0,1.003697,0.0
15.0,0.994397,0.0
12.0,1.001405,0.0
14.0,1.004809,0.0
15.0,1.004809,0.0
10.0,1.016731,0.0
16.0,0.983826,0.0
14.0,0.992236,0.0
14.0,0.992236,0.0
11.0,1.00382,0.0
15.0,0.992236,0.0
12.0,1.000646,0.0
13.0,1.00382,0.0
15.0,0.992236,0.0
12.0,1.000646,0.0
14.0,1.00382,0.0
15.0,1.00382,0.0
10.0,1.017466,0.0
14.0,1.010989,0.0
12.0,1.019399,0.0
15.0,0.974827,0.0
14.0,0.98249,0.0
14.0,0.983237,0.0
15.0,0.99365,0.0
14.0,0.981835,0.0
11.0,0.990245,0.0
15.0,0.992538,0.0
14.0,0.98249,0.0
12.0,0.990153,0.0
15.0,0.99365,0.0
15.0,0.986658,0.0
10.0,1.005571,0.0
14.0,0.983237,0.0
13.0,0.9909,0.0
13.0,0.990245,0.0
14.0,1.000948,0.0
15.0,0.994822,0.0
13.0,1.00183,0.0
14.0,0.98249,0.0
13.0,0.990153,0.0
13.0,0.9909,0.0
14.0,1.001313,0.0
15.0,0.992538,0.0
13.0,1.000948,0.0
15.0,0.99365,0.0
12.0,1.001313,0.0
12.0,1.020281,0.0
16.0,0.985987,0.0
15.0,0.99365,0.0
14.0,0.994397,0.0
15.0,0.99365,0.0
14.0,1.004809,0.0
15.0,0.992995,0.0
13.0,1.001405,0.0
16.0,0.997817,0.0
15.0,1.003697,0.0
16.0,0.984875,0.0
15.0,0.992538,0.0
15.0,0.993285,0.0
14.0,0.992538,0.0
14.0,1.003697,0.0
15.0,0.993285,0.0
13.0,1.000948,0.0
16.0,1.003697,0.0
15.0,1.004869,0.0
12.0,0.997908,0.0
11.0,1.005571,0.0
11.0,1.006318,0.0
11.0,1.005571,0.0
10.0,1.016731,0.0
16.0,0.999334,0.0
14.0,1.006342,0.0
15.0,1.006997,0.0
13.0,1.017045,0.0
16.0,0.996528,0.0
14.0,1.004938,0.0
15.0,1.004938,0.0
13.0,1.016523,0.0
10.0,1.026809,0.0
16.0,0.985987,0.0
15.0,0.99365,0.0
15.0,0.994397,0.0
14.0,1.004809,0.0
15.0,0.992995,0.0
12.0,1.001405,0.0
15.0,1.003697,0.0
15.0,0.99365,0.0
13.0,1.001313,0.0
15.0,1.004809,0.0
16.0,0.997817,0.0
11.0,1.016731,0.0
14.0,1.014283,0.0
12.0,1.021291,0.0
11.0,1.028637,0.0
10.0,1.043738,0.0
16.0,0.974827,0.0
14.0,0.98249,0.0
15.0,0.983237,0.0
15.0,0.98249,0.0
15.0,0.99365,0.0
13.0,0.98249,0.0
12.0,0.990153,0.0
15.0,0.981835,0.0
13.0,0.990245,0.0
14.0,0.992538,0.0
14.0,0.98249,0.0
13.0,0.990153,0.0
14.0,0.99365,0.0
15.0,0.992538,0.0
11.0,1.005571,0.0
14.0,0.981835,0.0
14.0,0.990245,0.0
12.0,0.989498,0.0
13.0,0.989498,0.0
13.0,1.000658,0.0
15.0,0.992538,0.0
14.0,1.000201,0.0
15.0,0.992538,0.0
12.0,1.000201,0.0
15.0,0.991489,0.0
13.0,0.999899,0.0
15.0,1.004191,0.0
13.0,0.98249,0.0
12.0,0.990153,0.0
13.0,0.9909,0.0
12.0,0.990153,0.0
12.0,1.001313,0.0
12.0,0.990153,0.0
9.0,0.997816,0.0
13.0,0.989498,0.0
11.0,0.997908,0.0
12.0,1.000201,0.0
12.0,0.990153,0.0
11.0,0.997816,0.0
12.0,1.001313,0.0
12.0,1.000201,0.0
8.0,1.013234,0.0
14.0,0.992538,0.0
13.0,1.000948,0.0
12.0,1.000201,0.0
13.0,1.000201,0.0
12.0,1.01136,0.0
15.0,0.983237,0.0
13.0,0.9909,0.0
12.0,0.9909,0.0
14.0,0.990245,0.0
13.0,1.000948,0.0
13.0,0.990245,0.0
10.0,0.997908,0.0
14.0,1.000948,0.0
14.0,0.999899,0.0
15.0,0.994822,0.0
14.0,1.00183,0.0
13.0,1.00183,0.0
12.0,1.011483,0.0
15.0,0.99365,0.0
12.0,1.001313,0.0
15.0,1.006997,0.0
14.0,0.99365,0.0
13.0,1.001313,0.0
12.0,1.001313,0.0
13.0,1.000658,0.0
12.0,1.01136,0.0
11.0,1.005571,0.0
8.0,1.013234,0.0
15.0,0.99365,0.0
14.0,1.001313,0.0
14.0,1.000658,0.0
13.0,1.01136,0.0
16.0,0.985987,0.0
14.0,0.992995,0.0
15.0,0.99365,0.0
13.0,1.003697,0.0
14.0,0.99365,0.0
12.0,1.001313,0.0
11.0,1.003697,0.0
15.0,0.994397,0.0
12.0,1.001405,0.0
15.0,1.004809,0.0
14.0,1.004809,0.0
10.0,1.016731,0.0
15.0,0.992995,0.0
13.0,1.000658,0.0
14.0,1.001405,0.0
12.0,1.011817,0.0
14.0,1.002648,0.0
11.0,1.011058,0.0
15.0,0.99365,0.0
13.0,1.000658,0.0
13.0,1.001313,0.0
10.0,1.01136,0.0
15.0,1.003697,0.0
12.0,1.01136,0.0
13.0,1.015351,0.0
16.0,1.004809,0.0
13.0,1.011817,0.0
16.0,0.974173,0.0
14.0,0.981835,0.0
15.0,0.982583,0.0
15.0,0.981835,0.0
15.0,0.992995,0.0
15.0,0.981835,0.0
13.0,0.989498,0.0
13.0,0.981181,0.0
12.0,0.989591,0.0
14.0,0.991883,0.0
14.0,0.981835,0.0
13.0,0.989498,0.0
15.0,0.992995,0.0
14.0,0.991883,0.0
11.0,1.004916,0.0
14.0,0.982583,0.0
14.0,0.990245,0.0
12.0,0.989591,0.0
13.0,0.990245,0.0
13.0,1.000293,0.0
15.0,0.992995,0.0
14.0,1.000658,0.0
15.0,0.994167,0.0
12.0,1.001175,0.0
15.0,0.992995,0.0
13.0,1.000658,0.0
15.0,1.006342,0.0
13.0,0.982583,0.0
12.0,0.990245,0.0
12.0,0.990993,0.0
13.0,0.990245,0.0
12.0,1.001405,0.0
13.0,0.990245,0.0
11.0,0.997908,0.0
12.0,0.989591,0.0
9.0,0.998001,0.0
12.0,1.000293,0.0
12.0,0.990245,0.0
11.0,0.997908,0.0
12.0,1.001405,0.0
12.0,1.000293,0.0
8.0,1.013326,0.0
14.0,0.994167,0.0
13.0,1.00183,0.0
12.0,1.001175,0.0
13.0,1.00183,0.0
12.0,1.011877,0.0
15.0,0.982583,0.0
13.0,0.990245,0.0
14.0,0.990245,0.0
12.0,0.989591,0.0
13.0,1.000293,0.0
13.0,0.990993,0.0
11.0,0.998001,0.0
14.0,1.001405,0.0
14.0,1.001405,0.0
15.0,0.994167,0.0
12.0,1.001175,0.0
15.0,0.992995,0.0
14.0,1.001405,0.0
13.0,1.000658,0.0
12.0,1.011817,0.0
15.0,1.006342,0.0
14.0,0.994167,0.0
13.0,1.00183,0.0
13.0,1.00183,0.0
12.0,1.001175,0.0
12.0,1.011877,0.0
11.0,1.007813,0.0
8.0,1.014821,0.0
12.0,1.021291,0.0
15.0,0.992995,0.0
14.0,1.000658,0.0
14.0,1.001405,0.0
12.0,1.011817,0.0
12.0,1.021291,0.0
8.0,1.035645,0.0
16.0,0.983826,0.0
14.0,0.992236,0.0
15.0,0.992236,0.0
13.0,1.00382,0.0
14.0,0.992236,0.0
12.0,1.000646,0.0
11.0,1.00382,0.0
15.0,0.992236,0.0
12.0,1.000646,0.0
15.0,1.00382,0.0
14.0,1.00382,0.0
10.0,1.017466,0.0
15.0,0.991489,0.0
13.0,0.999899,0.0
14.0,0.999899,0.0
12.0,1.011483,0.0
14.0,1.002648,0.0
11.0,1.011058,0.0
15.0,0.991489,0.0
13.0,0.999899,0.0
13.0,0.999899,0.0
10.0,1.011483,0.0
15.0,1.002648,0.0
12.0,1.011058,0.0
13.0,1.015996,0.0
16.0,1.002648,0.0
13.0,1.011058,0.0
10.0,1.030944,0.0
16.0,0.984875,0.0
14.0,0.992538,0.0
15.0,0.993285,0.0
15.0,0.992538,0.0
14.0,1.003697,0.0
14.0,0.992538,0.0
12.0,1.000201,0.0
14.0,0.991883,0.0
12.0,1.000293,0.0
11.0,1.002585,0.0
15.0,0.992538,0.0
12.0,1.000201,0.0
14.0,1.003697,0.0
14.0,1.002585,0.0
10.0,1.015619,0.0
15.0,0.993285,0.0
13.0,1.000948,0.0
13.0,1.000948,0.0
13.0,1.000293,0.0
10.0,1.010995,0.0
15.0,1.004869,0.0
12.0,1.011877,0.0
15.0,1.003697,0.0
12.0,1.01136,0.0
14.0,1.017045,0.0
16.0,1.003697,0.0
13.0,1.01136,0.0
14.0,1.010989,0.0
12.0,1.018652,0.0
12.0,1.019399,0.0
11.0,1.029811,0.0
15.0,0.974173,0.0
14.0,0.982583,0.0
15.0,0.982583,0.0
15.0,0.994167,0.0
15.0,0.982583,0.0
12.0,0.990993,0.0
15.0,0.994167,0.0
12.0,0.982583,0.0
11.0,0.990993,0.0
14.0,0.994167,0.0
14.0,0.994167,0.0
11.0,1.007813,0.0
14.0,0.981835,0.0
13.0,0.990245,0.0
11.0,0.990245,0.0
13.0,1.00183,0.0
15.0,0.992995,0.0
12.0,1.001405,0.0
15.0,0.981835,0.0
13.0,0.990245,0.0
14.0,0.990245,0.0
14.0,1.00183,0.0
15.0,0.992995,0.0
13.0,1.001405,0.0
14.0,0.992995,0.0
12.0,1.001405,0.0
14.0,1.006342,0.0
12.0,1.021291,0.0
14.0,0.981181,0.0
11.0,0.989591,0.0
13.0,0.989591,0.0
12.0,1.001175,0.0
13.0,0.989591,0.0
11.0,0.998001,0.0
12.0,1.001175,0.0
11.0,0.989591,0.0
8.0,0.998001,0.0
12.0,1.001175,0.0
12.0,1.001175,0.0
8.0,1.014821,0.0
15.0,0.991883,0.0
14.0,1.000293,0.0
12.0,1.000293,0.0
13.0,1.011877,0.0
14.0,0.981835,0.0
12.0,0.989498,0.0
13.0,0.990245,0.0
13.0,0.989498,0.0
13.0,1.000658,0.0
11.0,0.990245,0.0
10.0,0.997908,0.0
13.0,1.00183,0.0
13.0,1.000658,0.0
12.0,1.014005,0.0
15.0,0.992995,0.0
14.0,1.000658,0.0
12.0,1.001405,0.0
13.0,1.011817,0.0
15.0,0.986003,0.0
14.0,0.994413,0.0
12.0,0.994413,0.0
13.0,1.005997,0.0
10.0,1.004916,0.0
7.0,1.013326,0.0
15.0,0.991883,0.0
12.0,1.000293,0.0
14.0,1.000293,0.0
11.0,1.011877,0.0
12.0,1.019626,0.0
15.0,0.981835,0.0
13.0,0.989498,0.0
14.0,0.990245,0.0
12.0,0.989498,0.0
13.0,1.000658,0.0
13.0,0.990245,0.0
10.0,0.997908,0.0
14.0,1.000658,0.0
14.0,1.00183,0.0
15.0,0.991883,0.0
12.0,1.000293,0.0
14.0,1.000293,0.0
11.0,1.011877,0.0
15.0,0.992995,0.0
13.0,1.000658,0.0
13.0,1.001405,0.0
13.0,1.000658,0.0
10.0,1.011817,0.0
12.0,1.019626,0.0
14.0,0.992995,0.0
13.0,1.000658,0.0
12.0,1.001405,0.0
13.0,1.011817,0.0
11.0,1.004916,0.0
7.0,1.013326,0.0
14.0,1.006342,0.0
12.0,1.014005,0.0
12.0,1.021291,0.0
7.0,1.035645,0.0
16.0,0.984875,0.0
15.0,0.991883,0.0
14.0,0.992538,0.0
14.0,1.002585,0.0
15.0,0.992538,0.0
12.0,1.000201,0.0
15.0,1.002585,0.0
14.0,0.993285,0.0
12.0,1.000293,0.0
11.0,1.003697,0.0
13.0,1.003697,0.0
10.0,1.015619,0.0
15.0,0.992538,0.0
13.0,1.000201,0.0
13.0,1.000948,0.0
10.0,1.01136,0.0
16.0,0.996705,0.0
13.0,1.005115,0.0
15.0,0.993285,0.0
14.0,1.000293,0.0
13.0,1.000948,0.0
12.0,1.010995,0.0
15.0,1.003697,0.0
12.0,1.01136,0.0
14.0,1.004869,0.0
11.0,1.011877,0.0
13.0,1.017045,0.0
16.0,0.983826,0.0
15.0,0.992236,0.0
14.0,0.992236,0.0
14.0,1.00382,0.0
15.0,0.992236,0.0
12.0,1.000646,0.0
15.0,1.00382,0.0
14.0,0.992236,0.0
12.0,1.000646,0.0
11.0,1.00382,0.0
13.0,1.00382,0.0
10.0,1.017466,0.0
15.0,0.991489,0.0
13.0,0.999899,0.0
13.0,0.999899,0.0
10.0,1.011483,0.0
16.0,1.002648,0.0
13.0,1.011058,0.0
15.0,0.991489,0.0
14.0,0.999899,0.0
13.0,0.999899,0.0
12.0,1.011483,0.0
15.0,1.002648,0.0
12.0,1.011058,0.0
14.0,1.002648,0.0
11.0,1.011058,0.0
13.0,1.015996,0.0
10.0,1.030944,0.0
16.0,0.996528,0.0
14.0,1.004191,0.0
15.0,1.004938,0.0
15.0,1.004191,0.0
14.0,1.015351,0.0
14.0,1.004938,0.0
12.0,1.012601,0.0
13.0,1.016523,0.0
13.0,1.015351,0.0
10.0,1.028698,0.0
16.0,0.984875,0.0
15.0,0.991883,0.0
15.0,0.992538,0.0
15.0,1.002585,0.0
14.0,0.992538,0.0
12.0,1.000201,0.0
14.0,1.002585,0.0
14.0,0.993285,0.0
12.0,1.000293,0.0
13.0,1.003697,0.0
11.0,1.003697,0.0
10.0,1.015619,0.0
15.0,0.992538,0.0
13.0,1.000201,0.0
13.0,1.000948,0.0
10.0,1.01136,0.0
16.0,1.002585,0.0
13.0,1.010995,0.0
15.0,0.993285,0.0
14.0,1.000293,0.0
13.0,1.000948,0.0
12.0,1.010995,0.0
15.0,1.003697,0.0
12.0,1.01136,0.0
14.0,1.004869,0.0
11.0,1.011877,0.0
13.0,1.017045,0.0
12.0,0.997908,0.0
11.0,1.004916,0.0
11.0,1.005571,0.0
10.0,1.015619,0.0
11.0,1.005571,0.0
8.0,1.013234,0.0
10.0,1.015619,0.0
11.0,1.006318,0.0
7.0,1.013326,0.0
10.0,1.016731,0.0
10.0,1.016731,0.0
5.0,1.028652,0.0
16.0,0.983826,0.0
15.0,0.992236,0.0
15.0,0.992236,0.0
15.0,1.00382,0.0
14.0,0.992236,0.0
12.0,1.000646,0.0
14.0,1.00382,0.0
14.0,0.992236,0.0
12.0,1.000646,0.0
13.0,1.00382,0.0
11.0,1.00382,0.0
10.0,1.017466,0.0
15.0,0.991489,0.0
13.0,0.999899,0.0
13.0,0.999899,0.0
10.0,1.011483,0.0
16.0,1.002648,0.0
13.0,1.011058,0.0
15.0,0.991489,0.0
14.0,0.999899,0.0
13.0,0.999899,0.0
12.0,1.011483,0.0
15.0,1.002648,0.0
12.0,1.011058,0.0
14.0,1.002648,0.0
11.0,1.011058,0.0
13.0,1.015996,0.0
10.0,1.030944,0.0
12.0,0.995197,0.0
11.0,1.003607,0.0
11.0,1.003607,0.0
10.0,1.015191,0.0
11.0,1.003607,0.0
8.0,1.012017,0.0
10.0,1.015191,0.0
11.0,1.003607,0.0
8.0,1.012017,0.0
10.0,1.015191,0.0
10.0,1.015191,0.0
4.0,1.028837,0.0
14.0,1.009397,0.0
12.0,1.017807,0.0
12.0,1.017807,0.0
10.0,1.029392,0.0
16.0,0.996528,0.0
14.0,1.004191,0.0
15.0,1.004938,0.0
15.0,1.004191,0.0
14.0,1.015351,0.0
14.0,1.004938,0.0
12.0,1.012601,0.0
13.0,1.016523,0.0
13.0,1.015351,0.0
10.0,1.028698,0.0
14.0,1.009397,0.0
12.0,1.017807,0.0
12.0,1.017807,0.0
10.0,1.029392,0.0
10.0,1.025011,0.0
7.0,1.033421,0.0
16.0,0.984875,0.0
15.0,0.992538,0.0
15.0,0.993285,0.0
15.0,1.003697,0.0
15.0,0.991883,0.0
12.0,1.000293,0.0
14.0,1.002585,0.0
15.0,0.992538,0.0
13.0,1.000201,0.0
16.0,1.003697,0.0
15.0,0.996705,0.0
11.0,1.015619,0.0
15.0,0.993285,0.0
14.0,1.000948,0.0
14.0,1.000293,0.0
12.0,1.010995,0.0
16.0,1.004869,0.0
13.0,1.011877,0.0
15.0,0.992538,0.0
14.0,1.000201,0.0
14.0,1.000948,0.0
13.0,1.01136,0.0
16.0,1.002585,0.0
13.0,1.010995,0.0
16.0,1.003697,0.0
13.0,1.01136,0.0
11.0,1.030328,0.0
14.0,1.009397,0.0
12.0,1.017807,0.0
12.0,1.017807,0.0
10.0,1.029392,0.0
11.0,1.025011,0.0
8.0,1.033421,0.0
10.0,1.041769,0.0
15.0,0.974827,0.0
14.0,0.98249,0.0
14.0,0.983237,0.0
14.0,0.98249,0.0
15.0,0.99365,0.0
14.0,0.98249,0.0
12.0,0.990153,0.0
14.0,0.981835,0.0
12.0,0.990245,0.0
15.0,0.992538,0.0
13.0,0.98249,0.0
12.0,0.990153,0.0
14.0,0.99365,0.0
14.0,0.992538,0.0
11.0,1.005571,0.0
14.0,0.983237,0.0
13.0,0.9909,0.0
13.0,0.990245,0.0
12.0,0.9909,0.0
13.0,1.000948,0.0
15.0,0.99365,0.0
13.0,1.001313,0.0
15.0,0.994822,0.0
13.0,1.00183,0.0
15.0,0.99365,0.0
13.0,1.001313,0.0
14.0,1.006997,0.0
14.0,0.981835,0.0
13.0,0.990245,0.0
13.0,0.989498,0.0
12.0,0.989498,0.0
13.0,1.000658,0.0
11.0,0.990245,0.0
10.0,0.997908,0.0
13.0,1.00183,0.0
13.0,1.000658,0.0
12.0,1.014005,0.0
15.0,0.992538,0.0
13.0,1.000201,0.0
14.0,0.98249,0.0
12.0,0.990153,0.0
13.0,0.9909,0.0
13.0,0.990153,0.0
12.0,1.001313,0.0
13.0,0.990153,0.0
11.0,0.997816,0.0
13.0,0.989498,0.0
11.0,0.997908,0.0
12.0,1.000201,0.0
12.0,0.990153,0.0
9.0,0.997816,0.0
12.0,1.001313,0.0
12.0,1.000201,0.0
8.0,1.013234,0.0
15.0,0.99365,0.0
14.0,1.001313,0.0
14.0,1.000658,0.0
13.0,1.001313,0.0
13.0,1.01136,0.0
15.0,0.986658,0.0
14.0,0.995068,0.0
14.0,0.994321,0.0
13.0,0.994321,0.0
13.0,1.00548,0.0
10.0,1.005571,0.0
8.0,1.013234,0.0
15.0,0.992538,0.0
13.0,1.000948,0.0
13.0,1.000201,0.0
10.0,1.01136,0.0
12.0,1.020281,0.0
15.0,0.991489,0.0
13.0,0.999899,0.0
13.0,0.999899,0.0
10.0,1.011483,0.0
12.0,1.018652,0.0
14.0,1.004191,0.0
12.0,1.012601,0.0
7.0,1.034472,0.0
16.0,0.985987,0.0
15.0,0.99365,0.0
14.0,0.994397,0.0
15.0,0.99365,0.0
14.0,1.004809,0.0
14.0,0.99365,0.0
12.0,1.001313,0.0
15.0,0.992995,0.0
12.0,1.001405,0.0
14.0,1.003697,0.0
14.0,0.99365,0.0
12.0,1.001313,0.0
11.0,1.004809,0.0
14.0,1.003697,0.0
10.0,1.016731,0.0
15.0,0.992995,0.0
13.0,1.001405,0.0
13.0,1.000658,0.0
13.0,1.000658,0.0
10.0,1.011817,0.0
16.0,1.003697,0.0
13.0,1.01136,0.0
15.0,1.003697,0.0
12.0,1.01136,0.0
15.0,1.002648,0.0
12.0,1.011058,0.0
14.0,1.015351,0.0
16.0,0.999334,0.0
15.0,1.006997,0.0
15.0,1.006342,0.0
14.0,1.006997,0.0
14.0,1.017045,0.0
14.0,1.006342,0.0
12.0,1.014005,0.0
13.0,1.017045,0.0
13.0,1.015996,0.0
10.0,1.028698,0.0
16.0,0.984875,0.0
15.0,0.992538,0.0
15.0,0.993285,0.0
14.0,0.992538,0.0
14.0,1.003697,0.0
15.0,0.992538,0.0
12.0,1.000201,0.0
14.0,0.991883,0.0
12.0,1.000293,0.0
14.0,1.002585,0.0
14.0,0.992538,0.0
12.0,1.000201,0.0
14.0,1.003697,0.0
11.0,1.002585,0.0
10.0,1.015619,0.0
15.0,0.993285,0.0
13.0,1.000948,0.0
13.0,1.000293,0.0
13.0,1.000948,0.0
10.0,1.010995,0.0
16.0,1.003697,0.0
13.0,1.01136,0.0
15.0,1.004869,0.0
12.0,1.011877,0.0
15.0,1.003697,0.0
12.0,1.01136,0.0
14.0,1.017045,0.0
16.0,0.996528,0.0
15.0,1.004938,0.0
15.0,1.004191,0.0
14.0,1.004191,0.0
14.0,1.015351,0.0
14.0,1.004938,0.0
12.0,1.012601,0.0
13.0,1.016523,0.0
13.0,1.015351,0.0
10.0,1.028698,0.0
12.0,0.997908,0.0
11.0,1.005571,0.0
11.0,1.006318,0.0
11.0,1.005571,0.0
10.0,1.016731,0.0
11.0,1.005571,0.0
8.0,1.013234,0.0
11.0,1.004916,0.0
8.0,1.013326,0.0
10.0,1.015619,0.0
11.0,1.005571,0.0
8.0,1.013234,0.0
10.0,1.016731,0.0
10.0,1.015619,0.0
5.0,1.028652,0.0
10.0,1.026809,0.0
7.0,1.034472,0.0
16.0,0.985987,0.0
15.0,0.99365,0.0
15.0,0.994397,0.0
15.0,1.004809,0.0
15.0,0.992995,0.0
12.0,1.001405,0.0
16.0,1.003697,0.0
15.0,0.99365,0.0
13.0,1.001313,0.0
14.0,1.004809,0.0
15.0,0.997817,0.0
11.0,1.016731,0.0
15.0,0.99365,0.0
14.0,1.000658,0.0
14.0,1.001313,0.0
13.0,1.00548,0.0
15.0,0.992995,0.0
14.0,1.001405,0.0
14.0,1.000658,0.0
12.0,1.011817,0.0
16.0,1.003697,0.0
13.0,1.01136,0.0
16.0,1.004809,0.0
13.0,1.011817,0.0
16.0,1.002648,0.0
13.0,1.011058,0.0
11.0,1.029811,0.0
14.0,1.014283,0.0
12.0,1.021291,0.0
12.0,1.021291,0.0
10.0,1.030944,0.0
11.0,1.028637,0.0
8.0,1.035645,0.0
10.0,1.043738,0.0
16.0,0.984875,0.0
15.0,0.992538,0.0
15.0,0.993285,0.0
16.0,1.003697,0.0
15.0,0.991883,0.0
12.0,1.000293,0.0
15.0,1.002585,0.0
15.0,0.992538,0.0
13.0,1.000201,0.0
15.0,1.003697,0.0
14.0,0.996705,0.0
11.0,1.015619,0.0
15.0,0.993285,0.0
14.0,1.000293,0.0
14.0,1.000948,0.0
12.0,1.005115,0.0
15.0,0.992538,0.0
14.0,1.000948,0.0
14.0,1.000201,0.0
13.0,1.01136,0.0
16.0,1.003697,0.0
13.0,1.01136,0.0
16.0,1.004869,0.0
13.0,1.011877,0.0
16.0,1.002585,0.0
13.0,1.010995,0.0
11.0,1.030328,0.0
14.0,1.009397,0.0
12.0,1.017807,0.0
12.0,1.017807,0.0
10.0,1.029392,0.0
11.0,1.025011,0.0
8.0,1.033421,0.0
10.0,1.041769,0.0
11.0,0.997908,0.0
10.0,1.005571,0.0
10.0,1.006318,0.0
11.0,1.016731,0.0
10.0,1.004916,0.0
7.0,1.013326,0.0
11.0,1.015619,0.0
10.0,1.005571,0.0
8.0,1.013234,0.0
11.0,1.016731,0.0
11.0,1.009739,0.0
5.0,1.028652,0.0
14.0,1.012618,0.0
12.0,1.019626,0.0
12.0,1.020281,0.0
11.0,1.024448,0.0
14.0,1.010989,0.0
12.0,1.019399,0.0
12.0,1.018652,0.0
11.0,1.029811,0.0
10.0,1.026809,0.0
7.0,1.034472,0.0
14.0,1.012618,0.0
12.0,1.020281,0.0
12.0,1.019626,0.0
11.0,1.030328,0.0
10.0,1.028637,0.0
7.0,1.035645,0.0
10.0,1.043738,0.0
14.0,1.010989,0.0
12.0,1.018652,0.0
12.0,1.019399,0.0
11.0,1.029811,0.0
10.0,1.025011,0.0
7.0,1.033421,0.0
10.0,1.041769,0.0
10.0,1.026809,0.0
7.0,1.034472,0.0
10.0,1.043738,0.0
10.0,1.041769,0.0
2.0,1.059488,0.0
15.0,1.039756,0.011076991397964826
14.0,1.047419,0.011076991397964826
15.0,1.048166,0.011076991397964826
15.0,1.047419,0.011076991397964826
16.0,1.058579,0.011076991397964826
15.0,1.047419,0.011076991397964826
14.0,1.055082,0.011076991397964826
15.0,1.046764,0.011076991397964826
14.0,1.055174,0.011076991397964826
16.0,1.057466,0.011076991397964826
14.0,1.047419,0.011076991397964826
13.0,1.055082,0.011076991397964826
16.0,1.058579,0.011076991397964826
16.0,1.057466,0.011076991397964826
13.0,1.0705,0.011076991397964826
14.0,1.048166,0.011076991397964826
13.0,1.055829,0.011076991397964826
14.0,1.055829,0.011076991397964826
14.0,1.055174,0.011076991397964826
15.0,1.065876,0.011076991397964826
16.0,1.059751,0.011076991397964826
15.0,1.066759,0.011076991397964826
16.0,1.058579,0.011076991397964826
15.0,1.066242,0.011076991397964826
16.0,1.071926,0.011076991397964826
15.0,1.058579,0.011076991397964826
14.0,1.066242,0.011076991397964826
14.0,1.047419,0.011076991397964826
13.0,1.055082,0.011076991397964826
14.0,1.055829,0.011076991397964826
14.0,1.055082,0.011076991397964826
14.0,1.066242,0.011076991397964826
14.0,1.055082,0.011076991397964826
13.0,1.062745,0.011076991397964826
14.0,1.054427,0.011076991397964826
13.0,1.062837,0.011076991397964826
14.0,1.065129,0.011076991397964826
13.0,1.055082,0.011076991397964826
11.0,1.062745,0.011076991397964826
14.0,1.066242,0.011076991397964826
14.0,1.065129,0.011076991397964826
10.0,1.078163,0.011076991397964826
15.0,1.058579,0.011076991397964826
14.0,1.066242,0.011076991397964826
15.0,1.066242,0.011076991397964826
15.0,1.065587,0.011076991397964826
14.0,1.076289,0.011076991397964826
14.0,1.046764,0.011076991397964826
13.0,1.054427,0.011076991397964826
14.0,1.055174,0.011076991397964826
14.0,1.054427,0.011076991397964826
15.0,1.065587,0.011076991397964826
11.0,1.055174,0.011076991397964826
10.0,1.062837,0.011076991397964826
13.0,1.066759,0.011076991397964826
13.0,1.065587,0.011076991397964826
13.0,1.078934,0.011076991397964826
16.0,1.057466,0.011076991397964826
15.0,1.065129,0.011076991397964826
13.0,1.065876,0.011076991397964826
11.0,1.076289,0.011076991397964826
16.0,1.056417,0.011076991397964826
15.0,1.064827,0.011076991397964826
13.0,1.064827,0.011076991397964826
11.0,1.076412,0.011076991397964826
16.0,1.06912,0.011076991397964826
13.0,1.07753,0.011076991397964826
15.0,1.057466,0.011076991397964826
14.0,1.065129,0.011076991397964826
15.0,1.065876,0.011076991397964826
15.0,1.065129,0.011076991397964826
14.0,1.076289,0.011076991397964826
15.0,1.057466,0.011076991397964826
14.0,1.065129,0.011076991397964826
10.0,1.0705,0.011076991397964826
8.0,1.078163,0.011076991397964826
12.0,1.08521,0.011076991397964826
12.0,1.083581,0.011076991397964826
8.0,1.099401,0.011076991397964826
15.0,1.039756,0.011076991397964826
14.0,1.047419,0.011076991397964826
15.0,1.048166,0.011076991397964826
15.0,1.047419,0.011076991397964826
16.0,1.058579,0.011076991397964826
15.0,1.047419,0.011076991397964826
14.0,1.055082,0.011076991397964826
15.0,1.046764,0.011076991397964826
14.0,1.055174,0.011076991397964826
16.0,1.057466,0.011076991397964826
14.0,1.047419,0.011076991397964826
13.0,1.055082,0.011076991397964826
16.0,1.058579,0.011076991397964826
16.0,1.057466,0.011076991397964826
13.0,1.0705,0.011076991397964826
14.0,1.048166,0.011076991397964826
13.0,1.055829,0.011076991397964826
14.0,1.055829,0.011076991397964826
14.0,1.055174,0.011076991397964826
15.0,1.065876,0.011076991397964826
16.0,1.059751,0.011076991397964826
15.0,1.066759,0.011076991397964826
16.0,1.058579,0.011076991397964826
15.0,1.066242,0.011076991397964826
16.0,1.071926,0.011076991397964826
15.0,1.058579,0.011076991397964826
14.0,1.066242,0.011076991397964826
14.0,1.046764,0.011076991397964826
13.0,1.054427,0.011076991397964826
14.0,1.055174,0.011076991397964826
14.0,1.054427,0.011076991397964826
15.0,1.065587,0.011076991397964826
11.0,1.055174,0.011076991397964826
10.0,1.062837,0.011076991397964826
13.0,1.066759,0.011076991397964826
13.0,1.065587,0.011076991397964826
13.0,1.078934,0.011076991397964826
16.0,1.057466,0.011076991397964826
15.0,1.065129,0.011076991397964826
13.0,1.065876,0.011076991397964826
11.0,1.076289,0.011076991397964826
16.0,1.056417,0.011076991397964826
15.0,1.064827,0.011076991397964826
13.0,1.064827,0.011076991397964826
11.0,1.076412,0.011076991397964826
16.0,1.06912,0.011076991397964826
13.0,1.07753,0.011076991397964826
15.0,1.057466,0.011076991397964826
14.0,1.065129,0.011076991397964826
14.0,1.047419,0.011076991397964826
13.0,1.055082,0.011076991397964826
14.0,1.055829,0.011076991397964826
14.0,1.055082,0.011076991397964826
14.0,1.066242,0.011076991397964826
14.0,1.055082,0.011076991397964826
13.0,1.062745,0.011076991397964826
14.0,1.054427,0.011076991397964826
13.0,1.062837,0.011076991397964826
14.0,1.065129,0.011076991397964826
13.0,1.055082,0.011076991397964826
11.0,1.062745,0.011076991397964826
14.0,1.066242,0.011076991397964826
14.0,1.065129,0.011076991397964826
10.0,1.078163,0.011076991397964826
15.0,1.058579,0.011076991397964826
14.0,1.066242,0.011076991397964826
15.0,1.066242,0.011076991397964826
15.0,1.065587,0.011076991397964826
14.0,1.076289,0.011076991397964826
15.0,1.057466,0.011076991397964826
14.0,1.065129,0.011076991397964826
15.0,1.065876,0.011076991397964826
15.0,1.065129,0.011076991397964826
14.0,1.076289,0.011076991397964826
10.0,1.0705,0.011076991397964826
8.0,1.078163,0.011076991397964826
12.0,1.08521,0.011076991397964826
12.0,1.083581,0.011076991397964826
8.0,1.099401,0.011076991397964826
11.0,1.112436,0.022066917297568184
10.0,1.120099,0.022066917297568184
10.0,1.120846,0.022066917297568184
11.0,1.131258,0.022066917297568184
10.0,1.119444,0.022066917297568184
7.0,1.127854,0.022066917297568184
11.0,1.130146,0.022066917297568184
10.0,1.120099,0.022066917297568184
9.0,1.127762,0.022066917297568184
11.0,1.131258,0.022066917297568184
11.0,1.130146,0.022066917297568184
6.0,1.14318,0.022066917297568184
15.0,0.09412,0.01598142228683824
13.0,0.10253,0.01598142228683824
13.0,0.101782,0.01598142228683824
12.0,0.112942,0.01598142228683824
14.0,0.101782,0.01598142228683824
11.0,0.109445,0.01598142228683824
13.0,0.112942,0.01598142228683824
14.0,0.101128,0.01598142228683824
11.0,0.109538,0.01598142228683824
13.0,0.11183,0.01598142228683824
14.0,0.11183,0.01598142228683824
9.0,0.124863,0.01598142228683824
14.0,0.16458,0.02801456945497291
12.0,0.171588,0.02801456945497291
11.0,0.194918,0.0329709306887236
12.0,0.194918,0.0329709306887236
12.0,0.189952,0.03198232315794003
13.0,0.189952,0.03198232315794003
10.0,0.225289,0.03789416091800433
15.0,0.10253,0.01598142228683824
12.0,0.110192,0.01598142228683824
14.0,0.109538,0.01598142228683824
12.0,0.12024,0.01598142228683824
12.0,0.198362,0.03198232315794003
14.0,0.114114,0.01598142228683824
12.0,0.121122,0.01598142228683824
13.0,0.199885,0.03395821300794256
12.0,0.206893,0.03395821300794256
14.0,0.101782,0.01598142228683824
12.0,0.110192,0.01598142228683824
12.0,0.109445,0.01598142228683824
11.0,0.120605,0.01598142228683824
13.0,0.172243,0.02801456945497291
10.0,0.202581,0.0329709306887236
15.0,0.112942,0.01598142228683824
12.0,0.120605,0.01598142228683824
14.0,0.126289,0.01598142228683824
16.0,0.11183,0.01598142228683824
13.0,0.12024,0.01598142228683824
13.0,0.18229,0.02801456945497291
15.0,0.089261,0.014993812250596586
13.0,0.097671,0.014993812250596586
13.0,0.097671,0.014993812250596586
12.0,0.109256,0.014993812250596586
14.0,0.097671,0.014993812250596586
11.0,0.106081,0.014993812250596586
13.0,0.109256,0.014993812250596586
14.0,0.097671,0.014993812250596586
11.0,0.106081,0.014993812250596586
13.0,0.109256,0.014993812250596586
14.0,0.109256,0.014993812250596586
9.0,0.122901,0.014993812250596586
15.0,0.096924,0.014993812250596586
12.0,0.105334,0.014993812250596586
14.0,0.105334,0.014993812250596586
12.0,0.116918,0.014993812250596586
14.0,0.108084,0.014993812250596586
12.0,0.116494,0.014993812250596586
14.0,0.096924,0.014993812250596586
12.0,0.105334,0.014993812250596586
12.0,0.105334,0.014993812250596586
11.0,0.116918,0.014993812250596586
15.0,0.108084,0.014993812250596586
12.0,0.116494,0.014993812250596586
14.0,0.121431,0.014993812250596586
16.0,0.108084,0.014993812250596586
13.0,0.116494,0.014993812250596586
10.0,0.13638,0.014993812250596586
13.0,0.159722,0.027026959418731254
11.0,0.168132,0.027026959418731254
12.0,0.167385,0.027026959418731254
13.0,0.178544,0.027026959418731254
11.0,0.195026,0.0329706029717009
9.0,0.202689,0.0329706029717009
12.0,0.195026,0.0329706029717009
12.0,0.195026,0.0329706029717009
11.0,0.202689,0.0329706029717009
13.0,0.195026,0.0329706029717009
10.0,0.230379,0.0388666651454031
13.0,0.190059,0.031983320652481946
12.0,0.198469,0.031983320652481946
11.0,0.260798,0.043744249196280394
15.0,0.128824,0.02187632632059112
14.0,0.136487,0.02187632632059112
14.0,0.137234,0.02187632632059112
14.0,0.136487,0.02187632632059112
14.0,0.147646,0.02187632632059112
14.0,0.136487,0.02187632632059112
11.0,0.14415,0.02187632632059112
14.0,0.135832,0.02187632632059112
11.0,0.144242,0.02187632632059112
14.0,0.146534,0.02187632632059112
14.0,0.136487,0.02187632632059112
13.0,0.14415,0.02187632632059112
13.0,0.147646,0.02187632632059112
14.0,0.146534,0.02187632632059112
10.0,0.159568,0.02187632632059112
10.0,0.259993,0.043789064951757294
15.0,1.112436,0.022066917297568028
14.0,1.120099,0.022066917297568028
14.0,1.120846,0.022066917297568028
14.0,1.120099,0.022066917297568028
13.0,1.131258,0.022066917297568028
14.0,1.120099,0.022066917297568028
11.0,1.127762,0.022066917297568028
14.0,1.119444,0.022066917297568028
11.0,1.127854,0.022066917297568028
13.0,1.130146,0.022066917297568028
14.0,1.120099,0.022066917297568028
11.0,1.127762,0.022066917297568028
13.0,1.131258,0.022066917297568028
13.0,1.130146,0.022066917297568028
8.0,1.14318,0.022066917297568028
9.0,1.185203,0.032971135706833854
6.0,1.192866,0.032971135706833854
15.0,0.09412,0.01598142228683824
13.0,0.10253,0.01598142228683824
14.0,0.101782,0.01598142228683824
13.0,0.112942,0.01598142228683824
13.0,0.101782,0.01598142228683824
11.0,0.109445,0.01598142228683824
12.0,0.112942,0.01598142228683824
14.0,0.101128,0.01598142228683824
11.0,0.109538,0.01598142228683824
14.0,0.11183,0.01598142228683824
13.0,0.11183,0.01598142228683824
9.0,0.124863,0.01598142228683824
14.0,0.16458,0.02801456945497291
12.0,0.171588,0.02801456945497291
12.0,0.194918,0.0329709306887236
11.0,0.194918,0.0329709306887236
13.0,0.189952,0.03198232315794003
12.0,0.189952,0.03198232315794003
10.0,0.225289,0.03789416091800433
15.0,0.10253,0.01598142228683824
12.0,0.110192,0.01598142228683824
14.0,0.109538,0.01598142228683824
12.0,0.12024,0.01598142228683824
12.0,0.198362,0.03198232315794003
14.0,0.114114,0.01598142228683824
12.0,0.121122,0.01598142228683824
13.0,0.199885,0.03395821300794256
12.0,0.206893,0.03395821300794256
14.0,0.101782,0.01598142228683824
12.0,0.110192,0.01598142228683824
12.0,0.109445,0.01598142228683824
11.0,0.120605,0.01598142228683824
13.0,0.172243,0.02801456945497291
10.0,0.202581,0.0329709306887236
15.0,0.112942,0.01598142228683824
12.0,0.120605,0.01598142228683824
14.0,0.126289,0.01598142228683824
16.0,0.11183,0.01598142228683824
13.0,0.12024,0.01598142228683824
13.0,0.18229,0.02801456945497291
15.0,0.098979,0.016967560474492605
14.0,0.107389,0.016967560474492605
13.0,0.106642,0.016967560474492605
13.0,0.117802,0.016967560474492605
14.0,0.106642,0.016967560474492605
11.0,0.114305,0.016967560474492605
14.0,0.117802,0.016967560474492605
13.0,0.105987,0.016967560474492605
11.0,0.114397,0.016967560474492605
12.0,0.116689,0.016967560474492605
13.0,0.116689,0.016967560474492605
9.0,0.129723,0.016967560474492605
14.0,0.106642,0.016967560474492605
12.0,0.114305,0.016967560474492605
12.0,0.11365,0.016967560474492605
11.0,0.124352,0.016967560474492605
16.0,0.117802,0.016967560474492605
13.0,0.12481,0.016967560474492605
15.0,0.105987,0.016967560474492605
14.0,0.114397,0.016967560474492605
12.0,0.11365,0.016967560474492605
12.0,0.12481,0.016967560474492605
15.0,0.116689,0.016967560474492605
12.0,0.124352,0.016967560474492605
14.0,0.11564,0.016967560474492605
12.0,0.12405,0.016967560474492605
14.0,0.128343,0.016967560474492605
15.0,0.16944,0.02900070764262727
14.0,0.176448,0.02900070764262727
13.0,0.176448,0.02900070764262727
13.0,0.186101,0.02900070764262727
12.0,0.199777,0.03395706887637796
12.0,0.206785,0.03395706887637796
13.0,0.199777,0.03395706887637796
11.0,0.194812,0.0329684613455944
10.0,0.202475,0.0329684613455944
12.0,0.194812,0.0329684613455944
10.0,0.230149,0.0388802991056587
13.0,0.138563,0.023829681544134448
12.0,0.145571,0.023829681544134448
12.0,0.145571,0.023829681544134448
11.0,0.155224,0.023829681544134448
12.0,0.145571,0.023829681544134448
9.0,0.152579,0.023829681544134448
11.0,0.155224,0.023829681544134448
12.0,0.145571,0.023829681544134448
9.0,0.152579,0.023829681544134448
11.0,0.155224,0.023829681544134448
11.0,0.155224,0.023829681544134448
6.0,0.166595,0.023829681544134448
7.0,0.259789,0.04377707544711919
15.0,0.098979,0.016967560474492605
14.0,0.107389,0.016967560474492605
14.0,0.106642,0.016967560474492605
14.0,0.117802,0.016967560474492605
13.0,0.106642,0.016967560474492605
11.0,0.114305,0.016967560474492605
13.0,0.117802,0.016967560474492605
13.0,0.105987,0.016967560474492605
11.0,0.114397,0.016967560474492605
13.0,0.116689,0.016967560474492605
12.0,0.116689,0.016967560474492605
9.0,0.129723,0.016967560474492605
14.0,0.106642,0.016967560474492605
12.0,0.114305,0.016967560474492605
12.0,0.11365,0.016967560474492605
11.0,0.124352,0.016967560474492605
16.0,0.117802,0.016967560474492605
13.0,0.12481,0.016967560474492605
15.0,0.105987,0.016967560474492605
14.0,0.114397,0.016967560474492605
12.0,0.11365,0.016967560474492605
12.0,0.12481,0.016967560474492605
15.0,0.116689,0.016967560474492605
12.0,0.124352,0.016967560474492605
14.0,0.11564,0.016967560474492605
12.0,0.12405,0.016967560474492605
14.0,0.128343,0.016967560474492605
15.0,0.16944,0.02900070764262727
14.0,0.176448,0.02900070764262727
13.0,0.176448,0.02900070764262727
13.0,0.186101,0.02900070764262727
13.0,0.199777,0.03395706887637796
12.0,0.199777,0.03395706887637796
12.0,0.206785,0.03395706887637796
12.0,0.194812,0.0329684613455944
11.0,0.194812,0.0329684613455944
10.0,0.202475,0.0329684613455944
10.0,0.230149,0.0388802991056587
13.0,0.128824,0.02187632632059112
12.0,0.137234,0.02187632632059112
12.0,0.136487,0.02187632632059112
11.0,0.147646,0.02187632632059112
12.0,0.136487,0.02187632632059112
9.0,0.14415,0.02187632632059112
11.0,0.147646,0.02187632632059112
12.0,0.135832,0.02187632632059112
8.0,0.144242,0.02187632632059112
11.0,0.146534,0.02187632632059112
11.0,0.146534,0.02187632632059112
6.0,0.159568,0.02187632632059112
12.0,0.199285,0.03390947348872579
9.0,0.206293,0.03390947348872579
10.0,0.229622,0.03886583472247648
10.0,0.229622,0.03886583472247648
10.0,0.224656,0.03787722719169291
10.0,0.224656,0.03787722719169291
6.0,0.259993,0.04378906495175721
13.0,1.123652,0.024055838118424336
12.0,1.13066,0.024055838118424336
12.0,1.13066,0.024055838118424336
11.0,1.140313,0.024055838118424336
12.0,1.13066,0.024055838118424336
9.0,1.137668,0.024055838118424336
11.0,1.140313,0.024055838118424336
12.0,1.13066,0.024055838118424336
9.0,1.137668,0.024055838118424336
11.0,1.140313,0.024055838118424336
11.0,1.140313,0.024055838118424336
5.0,1.151684,0.024055838118424336
13.0,1.112436,0.022066917297568028
12.0,1.120846,0.022066917297568028
12.0,1.120099,0.022066917297568028
11.0,1.131258,0.022066917297568028
12.0,1.120099,0.022066917297568028
9.0,1.127762,0.022066917297568028
11.0,1.131258,0.022066917297568028
12.0,1.119444,0.022066917297568028
8.0,1.127854,0.022066917297568028
11.0,1.130146,0.022066917297568028
11.0,1.130146,0.022066917297568028
6.0,1.14318,0.022066917297568028
12.0,1.190818,0.03395822441800013
9.0,1.197826,0.03395822441800013
13.0,1.190818,0.03395822441800013
10.0,1.197826,0.03395822441800013
15.0,0.089261,0.014993812250596586
13.0,0.097671,0.014993812250596586
14.0,0.097671,0.014993812250596586
13.0,0.109256,0.014993812250596586
13.0,0.097671,0.014993812250596586
11.0,0.106081,0.014993812250596586
12.0,0.109256,0.014993812250596586
14.0,0.097671,0.014993812250596586
11.0,0.106081,0.014993812250596586
14.0,0.109256,0.014993812250596586
13.0,0.109256,0.014993812250596586
9.0,0.122901,0.014993812250596586
15.0,0.096924,0.014993812250596586
12.0,0.105334,0.014993812250596586
14.0,0.105334,0.014993812250596586
12.0,0.116918,0.014993812250596586
14.0,0.108084,0.014993812250596586
12.0,0.116494,0.014993812250596586
14.0,0.096924,0.014993812250596586
12.0,0.105334,0.014993812250596586
12.0,0.105334,0.014993812250596586
11.0,0.116918,0.014993812250596586
15.0,0.108084,0.014993812250596586
12.0,0.116494,0.014993812250596586
14.0,0.121431,0.014993812250596586
16.0,0.108084,0.014993812250596586
13.0,0.116494,0.014993812250596586
10.0,0.13638,0.014993812250596586
13.0,0.159722,0.027026959418731254
12.0,0.167385,0.027026959418731254
11.0,0.168132,0.027026959418731254
13.0,0.178544,0.027026959418731254
12.0,0.195026,0.0329706029717009
13.0,0.190059,0.031983320652481946
12.0,0.198469,0.031983320652481946
11.0,0.195026,0.0329706029717009
9.0,0.202689,0.0329706029717009
13.0,0.195026,0.0329706029717009
12.0,0.195026,0.0329706029717009
11.0,0.202689,0.0329706029717009
10.0,0.230379,0.0388666651454031
11.0,0.260798,0.043744249196280394
15.0,0.089261,0.01499381225059651
14.0,0.097671,0.01499381225059651
13.0,0.097671,0.01499381225059651
13.0,0.109256,0.01499381225059651
14.0,0.097671,0.01499381225059651
11.0,0.106081,0.01499381225059651
14.0,0.109256,0.01499381225059651
13.0,0.097671,0.01499381225059651
11.0,0.106081,0.01499381225059651
12.0,0.109256,0.01499381225059651
13.0,0.109256,0.01499381225059651
9.0,0.122901,0.01499381225059651
14.0,0.096924,0.01499381225059651
12.0,0.105334,0.01499381225059651
12.0,0.105334,0.01499381225059651
11.0,0.116918,0.01499381225059651
16.0,0.108084,0.01499381225059651
13.0,0.116494,0.01499381225059651
15.0,0.096924,0.01499381225059651
14.0,0.105334,0.01499381225059651
12.0,0.105334,0.01499381225059651
12.0,0.116918,0.01499381225059651
15.0,0.108084,0.01499381225059651
12.0,0.116494,0.01499381225059651
14.0,0.108084,0.01499381225059651
12.0,0.116494,0.01499381225059651
14.0,0.121431,0.01499381225059651
10.0,0.13638,0.01499381225059651
14.0,0.159722,0.027026959418731178
14.0,0.167385,0.027026959418731178
12.0,0.168132,0.027026959418731178
13.0,0.178544,0.027026959418731178
12.0,0.195026,0.032970602971700826
11.0,0.202689,0.032970602971700826
13.0,0.195026,0.032970602971700826
11.0,0.195026,0.032970602971700826
9.0,0.202689,0.032970602971700826
12.0,0.195026,0.032970602971700826
10.0,0.230379,0.038866665145403025
11.0,0.260798,0.04374424919628032
13.0,0.128824,0.021876326320591045
12.0,0.135832,0.021876326320591045
12.0,0.136487,0.021876326320591045
11.0,0.146534,0.021876326320591045
12.0,0.136487,0.021876326320591045
9.0,0.14415,0.021876326320591045
11.0,0.146534,0.021876326320591045
12.0,0.137234,0.021876326320591045
8.0,0.144242,0.021876326320591045
11.0,0.147646,0.021876326320591045
11.0,0.147646,0.021876326320591045
6.0,0.159568,0.021876326320591045
7.0,0.259993,0.04378906495175722
15.0,0.089261,0.01499381225059651
14.0,0.097671,0.01499381225059651
14.0,0.097671,0.01499381225059651
14.0,0.109256,0.01499381225059651
13.0,0.097671,0.01499381225059651
11.0,0.106081,0.01499381225059651
13.0,0.109256,0.01499381225059651
13.0,0.097671,0.01499381225059651
11.0,0.106081,0.01499381225059651
13.0,0.109256,0.01499381225059651
12.0,0.109256,0.01499381225059651
9.0,0.122901,0.01499381225059651
14.0,0.096924,0.01499381225059651
12.0,0.105334,0.01499381225059651
12.0,0.105334,0.01499381225059651
11.0,0.116918,0.01499381225059651
16.0,0.108084,0.01499381225059651
13.0,0.116494,0.01499381225059651
15.0,0.096924,0.01499381225059651
14.0,0.105334,0.01499381225059651
12.0,0.105334,0.01499381225059651
12.0,0.116918,0.01499381225059651
15.0,0.108084,0.01499381225059651
12.0,0.116494,0.01499381225059651
14.0,0.108084,0.01499381225059651
12.0,0.116494,0.01499381225059651
14.0,0.121431,0.01499381225059651
10.0,0.13638,0.01499381225059651
14.0,0.159722,0.027026959418731178
14.0,0.167385,0.027026959418731178
12.0,0.168132,0.027026959418731178
13.0,0.178544,0.027026959418731178
13.0,0.195026,0.032970602971700826
12.0,0.195026,0.032970602971700826
11.0,0.202689,0.032970602971700826
12.0,0.195026,0.032970602971700826
11.0,0.195026,0.032970602971700826
9.0,0.202689,0.032970602971700826
10.0,0.230379,0.038866665145403025
11.0,0.260798,0.04374424919628032
13.0,0.119091,0.019917187653455584
11.0,0.127501,0.019917187653455584
12.0,0.127501,0.019917187653455584
11.0,0.139085,0.019917187653455584
12.0,0.127501,0.019917187653455584
9.0,0.135911,0.019917187653455584
11.0,0.139085,0.019917187653455584
11.0,0.127501,0.019917187653455584
8.0,0.135911,0.019917187653455584
11.0,0.139085,0.019917187653455584
11.0,0.139085,0.019917187653455584
6.0,0.152731,0.019917187653455584
11.0,0.189552,0.03195033482159025
8.0,0.197962,0.03195033482159025
10.0,0.224856,0.037893978374559906
10.0,0.224856,0.037893978374559906
10.0,0.224856,0.037893978374559906
10.0,0.224856,0.037893978374559906
4.0,0.260209,0.043790040548262105
15.0,0.153831,0.02577728736944953
13.0,0.162241,0.02577728736944953
13.0,0.162241,0.02577728736944953
11.0,0.173826,0.02577728736944953
11.0,0.259596,0.043754078090553844
15.0,0.153831,0.02577728736944953
13.0,0.162241,0.02577728736944953
13.0,0.162241,0.02577728736944953
11.0,0.173826,0.02577728736944953
11.0,0.259596,0.043754078090553844
12.0,0.188625,0.03158594443456014
9.0,0.197035,0.03158594443456014
13.0,1.112436,0.022066917297568184
12.0,1.119444,0.022066917297568184
12.0,1.120099,0.022066917297568184
11.0,1.130146,0.022066917297568184
12.0,1.120099,0.022066917297568184
9.0,1.127762,0.022066917297568184
11.0,1.130146,0.022066917297568184
12.0,1.120846,0.022066917297568184
8.0,1.127854,0.022066917297568184
11.0,1.131258,0.022066917297568184
11.0,1.131258,0.022066917297568184
6.0,1.14318,0.022066917297568184
13.0,1.101223,0.02007516325521184
12.0,1.109633,0.02007516325521184
12.0,1.109633,0.02007516325521184
11.0,1.121217,0.02007516325521184
12.0,1.109633,0.02007516325521184
9.0,1.118043,0.02007516325521184
11.0,1.121217,0.02007516325521184
12.0,1.109633,0.02007516325521184
9.0,1.118043,0.02007516325521184
11.0,1.121217,0.02007516325521184
11.0,1.121217,0.02007516325521184
5.0,1.134863,0.02007516325521184
13.0,1.179588,0.03198334965282558
10.0,1.187998,0.03198334965282558
15.0,0.153831,0.02577728736944953
13.0,0.162241,0.02577728736944953
13.0,0.162241,0.02577728736944953
11.0,0.173826,0.02577728736944953
13.0,0.224292,0.037810434537584196
11.0,0.259596,0.043754078090553844
12.0,0.188625,0.03158594443456014
9.0,0.197035,0.03158594443456014
11.0,0.223472,0.03734405416945496
13.0,1.179588,0.03198334965282542
10.0,1.187998,0.03198334965282542
15.0,0.128824,0.02187632632059112
14.0,0.136487,0.02187632632059112
14.0,0.137234,0.02187632632059112
14.0,0.136487,0.02187632632059112
14.0,0.147646,0.02187632632059112
14.0,0.136487,0.02187632632059112
11.0,0.14415,0.02187632632059112
14.0,0.135832,0.02187632632059112
11.0,0.144242,0.02187632632059112
14.0,0.146534,0.02187632632059112
14.0,0.136487,0.02187632632059112
13.0,0.14415,0.02187632632059112
13.0,0.147646,0.02187632632059112
14.0,0.146534,0.02187632632059112
10.0,0.159568,0.02187632632059112
10.0,0.259993,0.043789064951757294
19.0,1.039756,0.01107699139796467
18.0,1.047419,0.01107699139796467
18.0,1.048166,0.01107699139796467
18.0,1.047419,0.01107699139796467
19.0,1.058579,0.01107699139796467
18.0,1.047419,0.01107699139796467
16.0,1.055082,0.01107699139796467
18.0,1.046764,0.01107699139796467
16.0,1.055174,0.01107699139796467
19.0,1.057466,0.01107699139796467
18.0,1.047419,0.01107699139796467
17.0,1.055082,0.01107699139796467
18.0,1.058579,0.01107699139796467
18.0,1.057466,0.01107699139796467
15.0,1.0705,0.01107699139796467
18.0,1.048166,0.01107699139796467
17.0,1.055829,0.01107699139796467
17.0,1.055174,0.01107699139796467
17.0,1.055829,0.01107699139796467
17.0,1.065876,0.01107699139796467
19.0,1.058579,0.01107699139796467
18.0,1.066242,0.01107699139796467
19.0,1.059751,0.01107699139796467
17.0,1.066759,0.01107699139796467
19.0,1.058579,0.01107699139796467
17.0,1.066242,0.01107699139796467
18.0,1.071926,0.01107699139796467
18.0,1.046764,0.01107699139796467
17.0,1.055174,0.01107699139796467
17.0,1.054427,0.01107699139796467
17.0,1.054427,0.01107699139796467
17.0,1.065587,0.01107699139796467
15.0,1.055174,0.01107699139796467
14.0,1.062837,0.01107699139796467
17.0,1.066759,0.01107699139796467
17.0,1.065587,0.01107699139796467
15.0,1.078934,0.01107699139796467
19.0,1.057466,0.01107699139796467
18.0,1.065129,0.01107699139796467
18.0,1.047419,0.01107699139796467
17.0,1.055082,0.01107699139796467
17.0,1.055829,0.01107699139796467
17.0,1.055082,0.01107699139796467
17.0,1.066242,0.01107699139796467
17.0,1.055082,0.01107699139796467
15.0,1.062745,0.01107699139796467
17.0,1.054427,0.01107699139796467
15.0,1.062837,0.01107699139796467
17.0,1.065129,0.01107699139796467
17.0,1.055082,0.01107699139796467
14.0,1.062745,0.01107699139796467
16.0,1.066242,0.01107699139796467
16.0,1.065129,0.01107699139796467
12.0,1.078163,0.01107699139796467
19.0,1.058579,0.01107699139796467
18.0,1.066242,0.01107699139796467
18.0,1.065587,0.01107699139796467
17.0,1.066242,0.01107699139796467
16.0,1.076289,0.01107699139796467
19.0,1.051586,0.01107699139796467
18.0,1.059996,0.01107699139796467
18.0,1.059249,0.01107699139796467
17.0,1.059249,0.01107699139796467
16.0,1.070409,0.01107699139796467
14.0,1.0705,0.01107699139796467
12.0,1.078163,0.01107699139796467
19.0,1.057466,0.01107699139796467
17.0,1.065876,0.01107699139796467
17.0,1.065129,0.01107699139796467
13.0,1.076289,0.01107699139796467
16.0,1.08521,0.01107699139796467
19.0,1.056417,0.01107699139796467
17.0,1.064827,0.01107699139796467
17.0,1.064827,0.01107699139796467
13.0,1.076412,0.01107699139796467
16.0,1.083581,0.01107699139796467
18.0,1.06912,0.01107699139796467
15.0,1.07753,0.01107699139796467
10.0,1.099401,0.01107699139796467
15.0,1.112436,0.022066917297568028
14.0,1.120099,0.022066917297568028
14.0,1.120846,0.022066917297568028
14.0,1.120099,0.022066917297568028
13.0,1.131258,0.022066917297568028
14.0,1.120099,0.022066917297568028
11.0,1.127762,0.022066917297568028
14.0,1.119444,0.022066917297568028
11.0,1.127854,0.022066917297568028
13.0,1.130146,0.022066917297568028
14.0,1.120099,0.022066917297568028
11.0,1.127762,0.022066917297568028
13.0,1.131258,0.022066917297568028
13.0,1.130146,0.022066917297568028
8.0,1.14318,0.022066917297568028
9.0,1.185203,0.032971135706833854
6.0,1.192866,0.032971135706833854
13.0,1.190818,0.03395822441800013
10.0,1.197826,0.03395822441800013
15.0,0.153831,0.02577728736944953
13.0,0.162241,0.02577728736944953
13.0,0.162241,0.02577728736944953
11.0,0.173826,0.02577728736944953
13.0,0.224292,0.037810434537584196
11.0,0.259596,0.043754078090553844
12.0,0.188625,0.03158594443456014
9.0,0.197035,0.03158594443456014
11.0,0.223472,0.037344054169455035
13.0,1.179588,0.03198334965282558
10.0,1.187998,0.03198334965282558
12.0,0.128824,0.021876326320591045
11.0,0.136487,0.021876326320591045
11.0,0.137234,0.021876326320591045
12.0,0.147646,0.021876326320591045
11.0,0.135832,0.021876326320591045
8.0,0.144242,0.021876326320591045
12.0,0.146534,0.021876326320591045
11.0,0.136487,0.021876326320591045
10.0,0.14415,0.021876326320591045
12.0,0.147646,0.021876326320591045
12.0,0.140654,0.021876326320591045
7.0,0.159568,0.021876326320591045
12.0,0.199285,0.033909473488725715
9.0,0.206293,0.033909473488725715
8.0,0.259993,0.04378906495175722
11.0,0.188625,0.03158594443456014
8.0,0.197035,0.03158594443456014
8.0,0.259086,0.04361909160269481
10.0,0.223472,0.037344054169455035
10.0,0.223472,0.037344054169455035
5.0,0.258371,0.04305248872272846
12.0,1.112436,0.02206691729756787
11.0,1.120099,0.02206691729756787
11.0,1.120846,0.02206691729756787
12.0,1.131258,0.02206691729756787
11.0,1.119444,0.02206691729756787
8.0,1.127854,0.02206691729756787
12.0,1.130146,0.02206691729756787
11.0,1.120099,0.02206691729756787
9.0,1.127762,0.02206691729756787
12.0,1.131258,0.02206691729756787
12.0,1.124266,0.02206691729756787
6.0,1.14318,0.02206691729756787
9.0,1.185203,0.032971135706833854
6.0,1.192866,0.032971135706833854
13.0,1.190818,0.03395822441800013
10.0,1.197826,0.03395822441800013
12.0,1.179588,0.03198334965282558
9.0,1.187998,0.03198334965282558
9.0,1.185203,0.032971135706833854
6.0,1.192866,0.032971135706833854
2.0,1.258056,0.04379097310711119
